# File generated by CMD 3.6 (http://stev.oapd.inaf.it/cmd) on Mon Dec 13 17:15:53 CET 2021
# isochrones based on PARSEC release v1.2S +  COLIBRI S_37 + S_35 + PR16
# Basic references: Bressan et al. (2012), MNRAS, 427, 127 + Chen et al. (2014, 2015), MNRAS, 444, 2525 + MNRAS, 452, 1068 + Tang et al. (2014), MNRAS, 445, 4287 + Marigo et al. (2017), ApJ, 835, 77 + Pastorelli al. (2019), MNRAS, 485, 5666 + Pastorelli al. (2020), MNRAS, in press
# Thermal pulse cycles included 
# On RGB, assumed Reimers mass loss with efficiency eta=0.2
# LPV periods and growth rates added cf. Trabucchi et al. (2019)
# but fundamental-mode LPV periods are from Trabucchi et al. (2021)
# Photometric system: <i>UBVRIJHK</i> (cf. Maiz-Apellaniz 2006 + Bessell 1990)
# Using YBC version of bolometric corrections as in Chen et al. (2019)
# O-rich circumstellar dpmod60alox40 dust from Groenewegen (2006)
# C-rich circumstellar AMCSIC15 dust from Groenewegen (2006)
# IMF: Kroupa (2001, 2002) + Kroupa et al. (2013) canonical two-part-power law IMF corrected for unresolved binaries 
# Kind of output: isochrone tables
Zini     MH   logAge Mini        int_IMF         Mass   logL    logTe  logg  label   McoreTP C_O  period0  period1  period2  period3  period4  pmode  Mloss  tau1m   X   Y   Xc  Xn  Xo  Cexcess  Z 	 mbolmag  Umag    Bmag    Vmag    Rmag    Imag    Jmag    Hmag    Kmag
0.0152 0.01508 10.00432 0.0900000036 1.0816895962    0.090 -3.423  3.3625  5.217    1  0.000  0.545     0.00     0.00     0.00     0.00     0.00 -1  -3.9e-17      0.00 7.080e-01 2.767e-01 2.746e-03 7.408e-04 6.719e-03 -1.000 1.527e-02 13.327 22.603 19.980 18.143 15.989 13.739 11.236 10.622 10.333
0.0152 0.01508 10.00432 0.0959881172 1.1366921663    0.096 -3.311  3.3783  5.197    1  0.000  0.545     0.00     0.00     0.00     0.00     0.00 -1    -3e-17      0.00 7.077e-01 2.770e-01 2.746e-03 7.408e-04 6.719e-03 -1.000 1.527e-02 13.048 22.286 19.685 17.853 15.707 13.460 10.958 10.344 10.053
0.0152 0.01508 10.00432 0.1000000015 1.1711064577    0.100 -3.240  3.3884  5.184    1  0.000  0.545     0.00     0.00     0.00     0.00     0.00 -1 -2.34e-17      0.00 7.076e-01 2.771e-01 2.746e-03 7.408e-04 6.719e-03 -1.000 1.527e-02 12.871 22.084 19.497 17.669 15.527 13.283 10.781 10.168 9.875
0.0152 0.01508 10.00432 0.1019052193 1.1868270636    0.102 -3.213  3.3920  5.179    1  0.000  0.545     0.00     0.00     0.00     0.00     0.00 -1 -2.65e-17      0.00 7.075e-01 2.772e-01 2.746e-03 7.408e-04 6.719e-03 -1.000 1.527e-02 12.802 22.007 19.424 17.598 15.458 13.214 10.713 10.099 9.806
0.0152 0.01508 10.00432 0.1200000122 1.3193155527    0.120 -2.975  3.4232  5.137    1  0.000  0.545     0.00     0.00     0.00     0.00     0.00 -1 -1.04e-16      0.00 7.067e-01 2.780e-01 2.746e-03 7.408e-04 6.719e-03 -1.000 1.527e-02 12.209 21.003 18.569 16.775 14.723 12.537 10.135 9.521 9.222
0.0152 0.01508 10.00432 0.1400000006 1.4384527206    0.140 -2.792  3.4435  5.102    1  0.000  0.545     0.00     0.00     0.00     0.00     0.00 -1 -1.53e-16      0.00 7.059e-01 2.788e-01 2.746e-03 7.408e-04 6.719e-03 -1.000 1.527e-02 11.749 19.457 17.352 15.646 13.832 11.817 9.723 9.107 8.808
0.0152 0.01508 10.00432 0.1422519535 1.4504737854    0.142 -2.775  3.4451  5.098    1  0.000  0.545     0.00     0.00     0.00     0.00     0.00 -1 -1.58e-16      0.00 7.059e-01 2.789e-01 2.746e-03 7.408e-04 6.719e-03 -1.000 1.527e-02 11.707 19.335 17.253 15.554 13.757 11.756 9.685 9.069 8.769
0.0152 0.01508 10.00432 0.1599999964 1.5372931957    0.160 -2.650  3.4571  5.072    1  0.000  0.545     0.00     0.00     0.00     0.00     0.00 -1 -2.05e-16      0.00 7.052e-01 2.795e-01 2.746e-03 7.408e-04 6.719e-03 -1.000 1.527e-02 11.395 18.449 16.531 14.873 13.206 11.312 9.402 8.785 8.488
0.0152 0.01508 10.00432 0.2000000030 1.6938791275    0.200 -2.430  3.4758  5.025    1  0.000  0.545     0.00     0.00     0.00     0.00     0.00 -1 -3.21e-16      0.00 7.041e-01 2.806e-01 2.746e-03 7.408e-04 6.719e-03 -1.000 1.527e-02 10.846 17.105 15.404 13.805 12.320 10.593 8.898 8.278 7.990
0.0152 0.01508 10.00432 0.2500000000 1.8403258324    0.250 -2.217  3.4921  4.974    1  0.000  0.545     0.00     0.00     0.00     0.00     0.00 -1 -3.37e-17      0.00 7.033e-01 2.815e-01 2.746e-03 7.408e-04 6.719e-03 -1.000 1.527e-02 10.313 15.986 14.433 12.869 11.516 9.942 8.406 7.784 7.506
0.0152 0.01508 10.00432 0.3000000119 1.9529139996    0.300 -2.052  3.5027  4.930    1  0.000  0.545     0.00     0.00     0.00     0.00     0.00 -1 -9.54e-18      0.00 7.030e-01 2.817e-01 2.746e-03 7.408e-04 6.719e-03 -1.000 1.527e-02 9.900 15.251 13.775 12.245 10.963 9.470 8.017 7.392 7.123
0.0152 0.01508 10.00432 0.3500000238 2.0434176922    0.350 -1.905  3.5114  4.884    1  0.000  0.545     0.00     0.00     0.00     0.00     0.00 -1 -2.26e-16      0.00 7.089e-01 2.759e-01 2.746e-03 7.408e-04 6.719e-03 -1.000 1.527e-02 9.531 14.643 13.221 11.719 10.490 9.060 7.669 7.040 6.779
0.0152 0.01508 10.00432 0.3612747490 2.0615189075    0.361 -1.870  3.5140  4.874    1  0.000  0.545     0.00     0.00     0.00     0.00     0.00 -1 -3.27e-16      0.00 7.089e-01 2.758e-01 2.746e-03 7.408e-04 6.719e-03 -1.000 1.527e-02 9.446 14.494 13.084 11.588 10.373 8.963 7.589 6.959 6.700
0.0152 0.01508 10.00432 0.4000000358 2.1185026169    0.400 -1.760  3.5225  4.842    1  0.000  0.545     0.00     0.00     0.00     0.00     0.00 -1 -1.31e-15      0.00 7.091e-01 2.756e-01 2.746e-03 7.408e-04 6.719e-03 -1.000 1.527e-02 9.170 14.026 12.650 11.175 10.004 8.653 7.335 6.699 6.447
0.0152 0.01508 10.00432 0.4500000477 2.1822810173    0.450 -1.610  3.5350  4.793    1  0.000  0.545     0.00     0.00     0.00     0.00     0.00 -1 -1.85e-15      0.00 7.092e-01 2.756e-01 2.746e-03 7.408e-04 6.719e-03 -1.000 1.527e-02 8.795 13.414 12.068 10.621 9.506 8.236 6.990 6.345 6.103
0.0152 0.01508 10.00432 0.5000000000 2.2374541759    0.500 -1.451  3.5504  4.741    1  0.000  0.545     0.00     0.00     0.00     0.00     0.00 -1 -2.68e-15      0.00 7.092e-01 2.755e-01 2.746e-03 7.408e-04 6.719e-03 -1.000 1.527e-02 8.397 12.781 11.445 10.026 8.968 7.795 6.631 5.974 5.744
0.0152 0.01508 10.00432 0.5500000119 2.2836582661    0.550 -1.272  3.5707  4.685    1  0.000  0.545     0.00     0.00     0.00     0.00     0.00 -1 -4.11e-15      0.00 7.321e-01 2.538e-01 2.543e-03 6.863e-04 6.227e-03 -1.000 1.416e-02 7.951 12.088 10.733 9.334 8.338 7.306 6.241 5.568 5.357
0.0152 0.01508 10.00432 0.6000000238 2.3211214542    0.600 -1.097  3.5959  4.649    1  0.000  0.544     0.00     0.00     0.00     0.00     0.00 -1 -6.14e-15      0.00 7.355e-01 2.505e-01 2.515e-03 6.790e-04 6.161e-03 -1.000 1.403e-02 7.513 11.391 10.001 8.636 7.702 6.834 5.870 5.177 5.001
0.0152 0.01508 10.00432 0.6499999762 2.3520355225    0.650 -0.918  3.6268  4.628    1  0.000  0.544     0.00     0.00     0.00     0.00     0.00 -1 -9.14e-15      0.00 7.386e-01 2.475e-01 2.490e-03 6.723e-04 6.101e-03 -1.000 1.388e-02 7.064 10.615 9.187 7.914 7.056 6.358 5.492 4.803 4.675
0.0152 0.01508 10.00432 0.7000000477 2.3779268265    0.700 -0.742  3.6581  4.610    1  0.000  0.544     0.00     0.00     0.00     0.00     0.00 -1 -1.35e-14      0.00 7.415e-01 2.447e-01 2.466e-03 6.660e-04 6.044e-03 -1.000 1.377e-02 6.625 9.588 8.328 7.200 6.446 5.900 5.138 4.508 4.415
0.0152 0.01508 10.00432 0.7173163891 2.3859319687    0.717 -0.682  3.6686  4.602    1  0.000  0.541     0.00     0.00     0.00     0.00     0.00 -1 -1.54e-14      0.00 7.427e-01 2.436e-01 2.445e-03 6.631e-04 6.022e-03 -1.000 1.370e-02 6.475 9.196 8.042 6.966 6.254 5.743 5.019 4.420 4.335
0.0152 0.01508 10.00432 0.7399461865 2.3957464695    0.740 -0.604  3.6819  4.591    1  0.000  0.538     0.00     0.00     0.00     0.00     0.00 -1 -1.84e-14      0.00 7.442e-01 2.422e-01 2.418e-03 6.594e-04 5.992e-03 -1.000 1.364e-02 6.280 8.693 7.686 6.676 6.018 5.542 4.866 4.314 4.234
0.0152 0.01508 10.00432 0.7500000000 2.3998889923    0.750 -0.570  3.6877  4.585    1  0.000  0.536     0.00     0.00     0.00     0.00     0.00 -1 -1.99e-14      0.00 7.448e-01 2.416e-01 2.406e-03 6.577e-04 5.980e-03 -1.000 1.357e-02 6.194 8.490 7.539 6.554 5.917 5.455 4.798 4.262 4.186
0.0152 0.01508 10.00432 0.7562856674 2.4024145603    0.756 -0.549  3.6907  4.580    1  0.000  0.536     0.00     0.00     0.00     0.00     0.00 -1 -2.09e-14      0.00 7.454e-01 2.410e-01 2.401e-03 6.565e-04 5.968e-03 -1.000 1.352e-02 6.142 8.376 7.454 6.483 5.858 5.402 4.756 4.229 4.154
0.0152 0.01508 10.00432 0.7755297422 2.4098553658    0.775 -0.485  3.6998  4.564    1  0.000  0.536     0.00     0.00     0.00     0.00     0.00 -1 -2.44e-14      0.00 7.472e-01 2.394e-01 2.387e-03 6.527e-04 5.934e-03 -1.000 1.348e-02 5.983 8.022 7.201 6.270 5.680 5.243 4.628 4.128 4.058
0.0152 0.01508 10.00432 0.7930824757 2.4162809849    0.793 -0.427  3.7080  4.548    1  0.000  0.536     0.00     0.00     0.00     0.00     0.00 -1  -2.8e-14      0.00 7.487e-01 2.379e-01 2.374e-03 6.492e-04 5.903e-03 -1.000 1.341e-02 5.837 7.719 6.981 6.084 5.520 5.099 4.511 4.036 3.968
0.0152 0.01508 10.00432 0.8000000119 2.4187245369    0.800 -0.404  3.7111  4.541    1  0.000  0.536     0.00     0.00     0.00     0.00     0.00 -1 -2.97e-14      0.00 7.493e-01 2.373e-01 2.369e-03 6.479e-04 5.891e-03 -1.000 1.338e-02 5.779 7.601 6.895 6.011 5.458 5.042 4.464 3.999 3.932
0.0152 0.01508 10.00432 0.8094263077 2.4219770432    0.809 -0.372  3.7152  4.531    1  0.000  0.536     0.00     0.00     0.00     0.00     0.00 -1 -3.21e-14      0.00 7.503e-01 2.363e-01 2.361e-03 6.457e-04 5.871e-03 -1.000 1.334e-02 5.701 7.445 6.781 5.913 5.374 4.966 4.401 3.946 3.882
0.0152 0.01508 10.00432 0.8264761567 2.4276437759    0.826 -0.315  3.7225  4.512    1  0.000  0.536     0.00     0.00     0.00     0.00     0.00 -1  -3.7e-14      0.00 7.521e-01 2.346e-01 2.346e-03 6.417e-04 5.836e-03 -1.000 1.329e-02 5.557 7.168 6.578 5.739 5.222 4.826 4.285 3.849 3.788
0.0152 0.01508 10.00432 0.8417717814 2.4325034618    0.841 -0.263  3.7288  4.493    1  0.000  0.536     0.00     0.00     0.00     0.00     0.00 -1 -4.22e-14      0.00 7.537e-01 2.331e-01 2.333e-03 6.382e-04 5.805e-03 -1.000 1.322e-02 5.428 6.930 6.402 5.586 5.087 4.701 4.178 3.760 3.701
0.0152 0.01508 10.00432 0.8500000238 2.4350347519    0.849 -0.235  3.7321  4.483    1  0.000  0.536     0.00     0.00     0.00     0.00     0.00 -1 -4.54e-14      0.00 7.546e-01 2.322e-01 2.326e-03 6.364e-04 5.788e-03 -1.000 1.318e-02 5.358 6.805 6.307 5.504 5.014 4.634 4.122 3.712 3.654
0.0152 0.01508 10.00432 0.8647078872 2.4394216537    0.864 -0.184  3.7375  4.461    1  0.000  0.536     0.00     0.00     0.00     0.00     0.00 -1 -5.18e-14      0.00 7.565e-01 2.304e-01 2.311e-03 6.322e-04 5.751e-03 -1.000 1.311e-02 5.230 6.585 6.137 5.357 4.883 4.512 4.017 3.621 3.566
0.0152 0.01508 10.00432 0.8802233338 2.4438672066    0.879 -0.130  3.7430  4.436    1  0.000  0.536     0.00     0.00     0.00     0.00     0.00 -1 -5.99e-14      0.00 7.584e-01 2.286e-01 2.295e-03 6.279e-04 5.713e-03 -1.000 1.296e-02 5.094 6.354 5.960 5.203 4.745 4.383 3.904 3.521 3.468
0.0152 0.01508 10.00432 0.8945177794 2.4478061199    0.893 -0.078  3.7477  4.410    1  0.000  0.536     0.00     0.00     0.00     0.00     0.00 -1 -6.89e-14      0.00 7.602e-01 2.269e-01 2.280e-03 6.240e-04 5.678e-03 -1.000 1.288e-02 4.965 6.142 5.798 5.060 4.617 4.262 3.796 3.425 3.374
0.0152 0.01508 10.00432 0.9000000358 2.4492788315    0.899 -0.058  3.7494  4.399    1  0.000  0.535     0.00     0.00     0.00     0.00     0.00 -1 -7.29e-14      0.00 7.609e-01 2.262e-01 2.275e-03 6.226e-04 5.665e-03 -1.000 1.287e-02 4.915 6.062 5.736 5.005 4.566 4.215 3.754 3.386 3.337
0.0152 0.01508 10.00432 0.9100476503 2.4519248009    0.909 -0.021  3.7523  4.379    1  0.000  0.535     0.00     0.00     0.00     0.00     0.00 -1 -8.08e-14      0.00 7.624e-01 2.247e-01 2.262e-03 6.191e-04 5.634e-03 -1.000 1.284e-02 4.822 5.923 5.624 4.905 4.474 4.127 3.674 3.313 3.265
0.0152 0.01508 10.00432 0.9271055460 2.4562661648    0.926  0.043  3.7566  4.340    1  0.000  0.535     0.00     0.00     0.00     0.00     0.00 -1 -9.69e-14      0.00 7.650e-01 2.223e-01 2.241e-03 6.136e-04 5.585e-03 -1.000 1.272e-02 4.662 5.697 5.436 4.735 4.316 3.975 3.534 3.182 3.136
0.0152 0.01508 10.00432 0.9425228834 2.4600350857    0.941  0.101  3.7594  4.301    1  0.000  0.535     0.00     0.00     0.00     0.00     0.00 -1 -1.15e-13      0.00 7.669e-01 2.205e-01 2.226e-03 6.095e-04 5.548e-03 -1.000 1.259e-02 4.519 5.507 5.272 4.584 4.173 3.837 3.403 3.058 3.014
0.0152 0.01508 10.00432 0.9500000477 2.4618122578    0.949  0.131  3.7607  4.279    1  0.000  0.535     0.00     0.00     0.00     0.00     0.00 -1 -1.26e-13      0.00 7.669e-01 2.205e-01 2.227e-03 6.097e-04 5.550e-03 -1.000 1.260e-02 4.443 5.413 5.189 4.506 4.099 3.765 3.334 2.992 2.948
0.0152 0.01508 10.00432 0.9545519948 2.4628787041    0.953  0.149  3.7614  4.266    1  0.000  0.535     0.00     0.00     0.00     0.00     0.00 -1 -1.33e-13      0.00 7.670e-01 2.204e-01 2.226e-03 6.095e-04 5.549e-03 -1.000 1.261e-02 4.397 5.357 5.137 4.458 4.053 3.720 3.291 2.950 2.907
0.0152 0.01508 10.00432 0.9562532902 2.4632742405    0.955  0.156  3.7616  4.260    1  0.000  0.535     0.00     0.00     0.00     0.00     0.00 -1 -1.36e-13      0.00 7.670e-01 2.204e-01 2.227e-03 6.096e-04 5.550e-03 -1.000 1.261e-02 4.379 5.335 5.118 4.440 4.035 3.702 3.274 2.934 2.891
0.0152 0.01508 10.00432 0.9657260776 2.4654471874    0.965  0.198  3.7623  4.226    1  0.000  0.535     0.00     0.00     0.00     0.00     0.00 -1 -1.55e-13      0.00 7.663e-01 2.210e-01 2.234e-03 6.116e-04 5.567e-03 -1.000 1.269e-02 4.276 5.221 5.009 4.335 3.933 3.602 3.175 2.837 2.794
0.0152 0.01508 10.00432 0.9731416106 2.4671144485    0.972  0.231  3.7624  4.197    1  0.000  0.535     0.00     0.00     0.00     0.00     0.00 -1 -1.72e-13      0.00 7.655e-01 2.218e-01 2.243e-03 6.141e-04 5.590e-03 -1.000 1.272e-02 4.193 5.135 4.925 4.252 3.850 3.519 3.093 2.755 2.711
0.0152 0.01508 10.00432 0.9815838933 2.4689772129    0.981  0.270  3.7617  4.159    1  0.000  0.535     0.00     0.00     0.00     0.00     0.00 -1 -1.95e-13      0.00 7.636e-01 2.236e-01 2.262e-03 6.194e-04 5.639e-03 -1.000 1.284e-02 4.096 5.044 4.831 4.155 3.753 3.421 2.993 2.653 2.609
0.0152 0.01508 10.00432 0.9872208834 2.4702005386    0.986  0.297  3.7606  4.130    1  0.000  0.535     0.00     0.00     0.00     0.00     0.00 -1 -2.15e-13      0.00 7.619e-01 2.252e-01 2.279e-03 6.243e-04 5.683e-03 -1.000 1.290e-02 4.029 4.990 4.770 4.090 3.685 3.352 2.921 2.579 2.535
0.0152 0.01508 10.00432 0.9890698195 2.4705984592    0.988  0.305  3.7600  4.120    2  0.000  0.535     0.00     0.00     0.00     0.00     0.00 -1 -2.22e-13      0.00 7.605e-01 2.265e-01 2.293e-03 6.278e-04 5.716e-03 -1.000 1.302e-02 4.006 4.974 4.751 4.069 3.663 3.329 2.896 2.552 2.508
0.0152 0.01508 10.00432 0.9966000319 2.4722011089    0.996  0.342  3.7564  4.072    2  0.000  0.535     0.00     0.00     0.00     0.00     0.00 -1 -2.53e-13      0.00 7.544e-01 2.323e-01 2.349e-03 6.434e-04 5.857e-03 -1.000 1.334e-02 3.915 4.933 4.683 3.986 3.572 3.232 2.788 2.436 2.390
0.0152 0.01508 10.00432 1.0000000000 2.4729156494    0.999  0.357  3.7528  4.044    2  0.000  0.535     0.00     0.00     0.00     0.00     0.00 -1  -2.7e-13      0.00 7.501e-01 2.364e-01 2.386e-03 6.534e-04 5.947e-03 -1.000 1.354e-02 3.878 4.946 4.669 3.958 3.535 3.188 2.735 2.374 2.326
0.0152 0.01508 10.00432 1.0036495924 2.4736764431    1.003  0.373  3.7486  4.013    2  0.000  0.535     0.00     0.00     0.00     0.00     0.00 -1 -2.88e-13      0.00 7.454e-01 2.409e-01 2.427e-03 6.644e-04 6.046e-03 -1.000 1.375e-02 3.838 4.965 4.656 3.928 3.495 3.142 2.676 2.306 2.256
0.0152 0.01508 10.00432 1.0078805685 2.4745504856    1.007  0.384  3.7393  3.966    2  0.000  0.536     0.00     0.00     0.00     0.00     0.00 -1 -3.11e-13      0.00 7.381e-01 2.479e-01 2.486e-03 6.801e-04 6.187e-03 -1.000 1.406e-02 3.810 5.071 4.686 3.925 3.470 3.103 2.610 2.217 2.164
0.0152 0.01508 10.00432 1.0107481480 2.4751379490    1.010  0.385  3.7288  3.924    2  0.000  0.536     0.00     0.00     0.00     0.00     0.00 -1 -3.25e-13      0.00 7.323e-01 2.534e-01 2.530e-03 6.921e-04 6.294e-03 -1.000 1.432e-02 3.808 5.227 4.759 3.957 3.476 3.092 2.567 2.146 2.089
0.0152 0.01508 10.00432 1.0127152205 2.4755389690    1.011  0.385  3.7190  3.886    2  0.000  0.536     0.00     0.00     0.00     0.00     0.00 -1 -3.39e-13      0.00 7.281e-01 2.574e-01 2.562e-03 7.004e-04 6.368e-03 -1.000 1.444e-02 3.808 5.382 4.833 3.993 3.487 3.086 2.529 2.082 2.021
0.0152 0.01508 10.00432 1.0145623684 2.4759137630    1.013  0.396  3.7094  3.837    2  0.000  0.537     0.00     0.00     0.00     0.00     0.00 -1 -3.65e-13      0.00 7.244e-01 2.610e-01 2.588e-03 7.075e-04 6.431e-03 -1.000 1.462e-02 3.780 5.515 4.880 4.004 3.473 3.055 2.466 1.991 1.927
0.0152 0.01508 10.00432 1.0163823366 2.4762814045    1.015  0.427  3.7014  3.776    2  0.000  0.537     0.00     0.00     0.00     0.00     0.00 -1 -4.18e-13      0.00 7.207e-01 2.646e-01 2.612e-03 7.136e-04 6.485e-03 -1.000 1.476e-02 3.704 5.577 4.872 3.964 3.411 2.978 2.362 1.864 1.796
0.0152 0.01508 10.00432 1.0173721313 2.4764807224    1.016  0.451  3.6979  3.737    2  0.000  0.537     0.00     0.00     0.00     0.00     0.00 -1 -4.61e-13      0.00 7.186e-01 2.666e-01 2.622e-03 7.166e-04 6.511e-03 -1.000 1.478e-02 3.643 5.578 4.842 3.920 3.357 2.917 2.289 1.781 1.711
0.0152 0.01508 10.00432 1.0188065767 2.4767689705    1.017  0.502  3.6945  3.674    3  0.000  0.537     0.00     0.00     0.00     0.00     0.00 -1 -5.55e-13      0.00 7.153e-01 2.698e-01 2.634e-03 7.204e-04 6.543e-03 -1.000 1.486e-02 3.516 5.509 4.745 3.810 3.238 2.792 2.151 1.632 1.561
0.0152 0.01508 10.00432 1.0200531483 2.4770185947    1.019  0.553  3.6922  3.614    3  0.000  0.535     0.00     0.00     0.00     0.00     0.00 -1 -6.67e-13      0.00 7.121e-01 2.730e-01 2.634e-03 7.258e-04 6.566e-03 -1.000 1.492e-02 3.387 5.416 4.636 3.693 3.115 2.664 2.015 1.489 1.418
0.0152 0.01508 10.00432 1.0209510326 2.4771978855    1.019  0.595  3.6909  3.567    3  0.000  0.530     0.00     0.00     0.00     0.00     0.00 -1 -7.73e-13      0.00 7.093e-01 2.757e-01 2.617e-03 7.401e-04 6.580e-03 -1.000 1.497e-02 3.284 5.331 4.543 3.595 3.014 2.561 1.907 1.377 1.305
0.0152 0.01508 10.00432 1.0218132734 2.4773697853    1.020  0.638  3.6897  3.520    3  0.000  0.521     0.00     0.00     0.00     0.00     0.00 -1    -9e-13      0.00 7.065e-01 2.784e-01 2.577e-03 7.777e-04 6.592e-03 -1.000 1.501e-02 3.176 5.239 4.445 3.492 2.910 2.454 1.796 1.262 1.189
0.0152 0.01508 10.00432 1.0226241350 2.4775311947    1.021  0.682  3.6886  3.472    3  0.000  0.509     0.00     0.00     0.00     0.00     0.00 -1 -1.05e-12      0.00 7.040e-01 2.810e-01 2.519e-03 8.414e-04 6.601e-03 -1.000 1.502e-02 3.066 5.148 4.346 3.388 2.803 2.345 1.682 1.145 1.072
0.0152 0.01508 10.00432 1.0233793259 2.4776811600    1.022  0.726  3.6875  3.423    3  0.000  0.496     0.00     0.00     0.00     0.00     0.00 -1 -1.23e-12      0.00 7.015e-01 2.834e-01 2.457e-03 9.176e-04 6.609e-03 -1.000 1.505e-02 2.956 5.058 4.247 3.283 2.696 2.235 1.568 1.028 0.955
0.0152 0.01508 10.00432 1.0240262747 2.4778096676    1.022  0.767  3.6865  3.379    3  0.000  0.484     0.00     0.00     0.00     0.00     0.00 -1 -1.42e-12      0.00 6.994e-01 2.855e-01 2.403e-03 9.855e-04 6.615e-03 -1.000 1.508e-02 2.854 4.975 4.155 3.186 2.596 2.134 1.463 0.920 0.846
0.0152 0.01508 10.00432 1.0246429443 2.4779317379    1.023  0.808  3.6854  3.333    3  0.000  0.476     0.00     0.00     0.00     0.00     0.00 -1 -1.65e-12      0.00 6.977e-01 2.872e-01 2.363e-03 1.037e-03 6.619e-03 -1.000 1.509e-02 2.749 4.890 4.062 3.087 2.494 2.029 1.355 0.809 0.734
0.0152 0.01508 10.00432 1.0252664089 2.4780550003    1.024  0.854  3.6841  3.282    3  0.000  0.469     0.00     0.00     0.00     0.00     0.00 -1 -1.94e-12      0.00 6.961e-01 2.888e-01 2.331e-03 1.079e-03 6.623e-03 -1.000 1.511e-02 2.634 4.800 3.960 2.978 2.382 1.915 1.236 0.686 0.611
0.0152 0.01508 10.00432 1.0257939100 2.4781591892    1.024  0.896  3.6829  3.236    3  0.000  0.465     0.00     0.00     0.00     0.00     0.00 -1 -2.25e-12      0.00 6.950e-01 2.899e-01 2.309e-03 1.107e-03 6.626e-03 -1.000 1.513e-02 2.529 4.719 3.868 2.880 2.281 1.811 1.127 0.574 0.498
0.0152 0.01508 10.00432 1.0262658596 2.4782524109    1.024  0.937  3.6816  3.190    3  0.000  0.461     0.00     0.00     0.00     0.00     0.00 -1  -2.6e-12      0.00 6.941e-01 2.908e-01 2.293e-03 1.128e-03 6.628e-03 -1.000 1.513e-02 2.427 4.642 3.779 2.784 2.182 1.709 1.021 0.464 0.388
0.0152 0.01508 10.00432 1.0267041922 2.4783387184    1.025  0.977  3.6803  3.145    3  0.000  0.459     0.00     0.00     0.00     0.00     0.00 -1    -3e-12      0.00 6.934e-01 2.915e-01 2.280e-03 1.144e-03 6.630e-03 -1.000 1.511e-02 2.327 4.568 3.692 2.690 2.085 1.609 0.916 0.356 0.279
0.0152 0.01508 10.00432 1.0271379948 2.4784243107    1.025  1.021  3.6788  3.095    3  0.000  0.457     0.00     0.00     0.00     0.00     0.00 -1 -3.51e-12      0.00 6.929e-01 2.920e-01 2.271e-03 1.156e-03 6.631e-03 -1.000 1.512e-02 2.218 4.491 3.600 2.590 1.981 1.501 0.802 0.237 0.160
0.0152 0.01508 10.00432 1.0276099443 2.4785170555    1.026  1.073  3.6769  3.036    3  0.000  0.455     0.00     0.00     0.00     0.00     0.00 -1 -4.23e-12      0.00 6.924e-01 2.925e-01 2.264e-03 1.166e-03 6.632e-03 -1.000 1.513e-02 2.088 4.404 3.492 2.472 1.857 1.373 0.666 0.095 0.017
0.0152 0.01508 10.00432 1.0279554129 2.4785850048    1.026  1.114  3.6752  2.988    3  0.000  0.454     0.00     0.00     0.00     0.00     0.00 -1 -4.92e-12      0.00 6.922e-01 2.926e-01 2.261e-03 1.170e-03 6.632e-03 -1.000 1.513e-02 1.984 4.335 3.405 2.377 1.757 1.270 0.557 -0.019 -0.099
0.0152 0.01508 10.00432 1.0282602310 2.4786448479    1.026  1.154  3.6736  2.941    3  0.000  0.454     0.00     0.00     0.00     0.00     0.00 -1 -5.68e-12      0.00 6.922e-01 2.927e-01 2.259e-03 1.172e-03 6.633e-03 -1.000 1.513e-02 1.885 4.269 3.323 2.288 1.663 1.172 0.453 -0.128 -0.209
0.0152 0.01508 10.00432 1.0285418034 2.4787001610    1.026  1.193  3.6719  2.896    3  0.000  0.454     0.00     0.00     0.00     0.00     0.00 -1 -6.56e-12      0.00 6.921e-01 2.927e-01 2.259e-03 1.173e-03 6.633e-03 -1.000 1.513e-02 1.786 4.205 3.243 2.199 1.570 1.075 0.349 -0.237 -0.318
0.0152 0.01508 10.00432 1.0288803577 2.4787664413    1.027  1.245  3.6696  2.835    3  0.000  0.454     0.00     0.00     0.00     0.00     0.00 -1 -7.92e-12      0.00 6.921e-01 2.927e-01 2.258e-03 1.173e-03 6.633e-03 -1.000 1.513e-02 1.657 4.123 3.138 2.083 1.447 0.948 0.213 -0.380 -0.463
0.0152 0.01508 10.00432 1.0291800499 2.4788250923    1.027  1.295  3.6673  2.775    3  0.000  0.454     0.00     0.00     0.00     0.00     0.00 -1 -9.51e-12      0.00 6.921e-01 2.928e-01 2.258e-03 1.174e-03 6.633e-03 -1.000 1.513e-02 1.532 4.048 3.038 1.972 1.330 0.825 0.081 -0.519 -0.603
0.0152 0.01508 10.00432 1.0294548273 2.4788789749    1.027  1.345  3.6649  2.716    3  0.000  0.454     0.00     0.00     0.00     0.00     0.00 -1 -1.14e-11      0.00 6.921e-01 2.928e-01 2.257e-03 1.174e-03 6.633e-03 -1.000 1.513e-02 1.407 3.975 2.940 1.862 1.213 0.703 -0.051 -0.658 -0.744
0.0152 0.01508 10.00432 1.0297100544 2.4789290428    1.027  1.395  3.6624  2.656    3  0.000  0.454     0.00     0.00     0.00     0.00     0.00 -1 -1.37e-11      0.00 6.921e-01 2.928e-01 2.257e-03 1.174e-03 6.633e-03 -1.000 1.513e-02 1.282 3.903 2.842 1.753 1.096 0.580 -0.183 -0.798 -0.886
0.0152 0.01508 10.00432 1.0299437046 2.4789748192    1.027  1.443  3.6600  2.598    3  0.000  0.454     0.00     0.00     0.00     0.00     0.00 -1 -1.64e-11      0.00 6.921e-01 2.928e-01 2.257e-03 1.175e-03 6.634e-03 -1.000 1.513e-02 1.162 3.836 2.749 1.649 0.985 0.464 -0.309 -0.931 -1.021
0.0152 0.01508 10.00432 1.0301833153 2.4790215492    1.027  1.488  3.6576  2.544    3  0.000  0.454     0.00     0.00     0.00     0.00     0.00 -1 -1.93e-11      0.00 6.921e-01 2.928e-01 2.257e-03 1.175e-03 6.634e-03 -1.000 1.513e-02 1.050 3.776 2.664 1.552 0.882 0.354 -0.428 -1.058 -1.149
0.0152 0.01508 10.00432 1.0304282904 2.4790694714    1.027  1.522  3.6559  2.503    3  0.000  0.453     0.00     0.00     0.00     0.00     0.00 -1  -2.2e-11      0.00 6.921e-01 2.928e-01 2.256e-03 1.176e-03 6.634e-03 -1.000 1.513e-02 0.964 3.729 2.599 1.479 0.803 0.271 -0.517 -1.153 -1.245
0.0152 0.01508 10.00432 1.0306143761 2.4791057110    1.027  1.493  3.6579  2.540    3  0.000  0.453     0.00     0.00     0.00     0.00     0.00 -1    -2e-11      0.00 6.921e-01 2.928e-01 2.256e-03 1.176e-03 6.634e-03 -1.000 1.513e-02 1.037 3.756 2.648 1.537 0.868 0.341 -0.440 -1.069 -1.160
0.0152 0.01508 10.00432 1.0307388306 2.4791300297    1.027  1.452  3.6606  2.592    3  0.000  0.453     0.00     0.00     0.00     0.00     0.00 -1 -1.72e-11      0.00 6.921e-01 2.928e-01 2.256e-03 1.176e-03 6.634e-03 -1.000 1.513e-02 1.139 3.799 2.720 1.622 0.961 0.440 -0.330 -0.951 -1.040
0.0152 0.01508 10.00432 1.0307494402 2.4791321754    1.027  1.450  3.6607  2.595    3  0.000  0.453     0.00     0.00     0.00     0.00     0.00 -1 -1.69e-11      0.00 6.921e-01 2.928e-01 2.256e-03 1.176e-03 6.634e-03 -1.000 1.513e-02 1.146 3.802 2.725 1.627 0.967 0.447 -0.323 -0.943 -1.032
0.0152 0.01508 10.00432 1.0309230089 2.4791660309    1.027  1.496  3.6582  2.539    3  0.000  0.453     0.00     0.00     0.00     0.00     0.00 -1 -1.98e-11      0.00 6.921e-01 2.928e-01 2.256e-03 1.176e-03 6.634e-03 -1.000 1.513e-02 1.031 3.743 2.638 1.529 0.861 0.335 -0.445 -1.073 -1.164
0.0152 0.01508 10.00432 1.0311013460 2.4792008400    1.028  1.543  3.6556  2.481    3  0.000  0.453     0.00     0.00     0.00     0.00     0.00 -1 -2.36e-11      0.00 6.920e-01 2.928e-01 2.256e-03 1.177e-03 6.634e-03 -1.000 1.513e-02 0.912 3.691 2.553 1.429 0.752 0.219 -0.571 -1.207 -1.300
0.0152 0.01508 10.00432 1.0312718153 2.4792339802    1.028  1.591  3.6528  2.422    3  0.000  0.453     0.00     0.00     0.00     0.00     0.00 -1 -2.82e-11      0.00 6.920e-01 2.928e-01 2.255e-03 1.177e-03 6.634e-03 -1.000 1.513e-02 0.792 3.651 2.471 1.328 0.642 0.102 -0.699 -1.343 -1.438
0.0152 0.01508 10.00432 1.0314249992 2.4792640209    1.028  1.638  3.6502  2.365    3  0.000  0.453     0.00     0.00     0.00     0.00     0.00 -1 -3.35e-11      0.00 6.920e-01 2.928e-01 2.255e-03 1.177e-03 6.634e-03 -1.000 1.513e-02 0.676 3.615 2.393 1.232 0.535 -0.011 -0.823 -1.475 -1.571
0.0152 0.01508 10.00432 1.0315704346 2.4792923927    1.027  1.685  3.6473  2.306    3  0.000  0.453     0.00     0.00     0.00     0.00     0.00 -1    -4e-11      0.00 6.920e-01 2.928e-01 2.255e-03 1.177e-03 6.634e-03 -1.000 1.513e-02 0.557 3.583 2.315 1.135 0.428 -0.127 -0.950 -1.610 -1.708
0.0152 0.01508 10.00432 1.0316983461 2.4793171883    1.027  1.731  3.6446  2.249    3  0.000  0.453     0.00     0.00     0.00     0.00     0.00 -1 -4.74e-11      0.00 6.920e-01 2.928e-01 2.255e-03 1.177e-03 6.634e-03 -1.000 1.513e-02 0.443 3.555 2.243 1.044 0.325 -0.237 -1.071 -1.740 -1.840
0.0152 0.01508 10.00432 1.0318186283 2.4793405533    1.027  1.777  3.6417  2.191    3  0.000  0.453     0.00     0.00     0.00     0.00     0.00 -1 -5.64e-11      0.00 6.920e-01 2.928e-01 2.255e-03 1.178e-03 6.634e-03 -1.000 1.513e-02 0.327 3.528 2.169 0.950 0.221 -0.350 -1.196 -1.873 -1.975
0.0152 0.01508 10.00432 1.0319269896 2.4793617725    1.027  1.823  3.6389  2.134    3  0.000  0.453     0.00     0.00     0.00     0.00     0.00 -1 -6.69e-11      0.00 6.920e-01 2.928e-01 2.255e-03 1.178e-03 6.634e-03 -1.000 1.514e-02 0.213 3.504 2.098 0.860 0.120 -0.460 -1.317 -2.003 -2.108
0.0152 0.01508 10.00432 1.0320261717 2.4793810844    1.027  1.868  3.6360  2.077    3  0.000  0.453     0.00     0.00     0.00     0.00     0.00 -1 -7.94e-11      0.00 6.920e-01 2.928e-01 2.255e-03 1.178e-03 6.634e-03 -1.000 1.514e-02 0.100 3.483 2.030 0.773 0.021 -0.568 -1.438 -2.132 -2.240
0.0152 0.01508 10.00432 1.0321192741 2.4793992043    1.027  1.914  3.6330  2.020    3  0.000  0.453     0.00     0.00     0.00     0.00     0.00 -1 -9.42e-11      0.00 6.920e-01 2.929e-01 2.255e-03 1.178e-03 6.634e-03 -1.000 1.514e-02 -0.015 3.464 1.962 0.685 -0.078 -0.678 -1.560 -2.264 -2.373
0.0152 0.01508 10.00432 1.0322016478 2.4794151783    1.027  1.958  3.6301  1.964    3  0.000  0.453     0.00     0.00     0.00     0.00     0.00 -1 -1.11e-10      0.00 6.920e-01 2.929e-01 2.254e-03 1.178e-03 6.634e-03 -1.000 1.514e-02 -0.125 3.427 1.897 0.597 -0.174 -0.782 -1.677 -2.386 -2.500
0.0152 0.01508 10.00432 1.0322769880 2.4794299603    1.026  2.002  3.6271  1.908    3  0.000  0.453     0.00     0.00     0.00     0.00     0.00 -1 -1.31e-10      0.00 6.920e-01 2.929e-01 2.254e-03 1.178e-03 6.634e-03 -1.000 1.514e-02 -0.236 3.379 1.834 0.512 -0.266 -0.885 -1.792 -2.506 -2.625
0.0152 0.01508 10.00432 1.0323479176 2.4794437885    1.026  2.047  3.6241  1.850    3  0.000  0.453     0.00     0.00     0.00     0.00     0.00 -1 -1.56e-10      0.00 6.920e-01 2.929e-01 2.254e-03 1.178e-03 6.634e-03 -1.000 1.514e-02 -0.348 3.327 1.768 0.424 -0.361 -0.989 -1.910 -2.628 -2.752
0.0152 0.01508 10.00432 1.0324106216 2.4794559479    1.026  2.090  3.6210  1.795    3  0.000  0.453     0.00     0.00     0.00     0.00     0.00 -1 -1.84e-10      0.00 6.920e-01 2.929e-01 2.254e-03 1.179e-03 6.635e-03 -1.000 1.514e-02 -0.456 3.277 1.705 0.340 -0.451 -1.089 -2.023 -2.745 -2.875
0.0152 0.01508 10.00432 1.0324699879 2.4794673920    1.025  2.135  3.6180  1.738    3  0.000  0.453     0.00     0.00     0.00     0.00     0.00 -1 -2.17e-10      0.00 6.920e-01 2.929e-01 2.254e-03 1.179e-03 6.635e-03 -1.000 1.514e-02 -0.567 3.221 1.640 0.255 -0.543 -1.191 -2.140 -2.866 -3.002
0.0152 0.01508 10.00432 1.0325217247 2.4794774055    1.025  2.177  3.6150  1.684    3  0.000  0.453     0.00     0.00     0.00     0.00     0.00 -1 -2.55e-10      0.00 6.920e-01 2.929e-01 2.254e-03 1.179e-03 6.635e-03 -1.000 1.514e-02 -0.672 3.169 1.580 0.177 -0.627 -1.286 -2.249 -2.979 -3.122
0.0152 0.01508 10.00432 1.0325713158 2.4794871807    1.025  2.220  3.6118  1.628    3  0.000  0.453     0.00     0.00     0.00     0.00     0.00 -1    -3e-10      0.00 6.920e-01 2.929e-01 2.254e-03 1.179e-03 6.635e-03 -1.000 1.514e-02 -0.780 3.115 1.517 0.096 -0.715 -1.384 -2.362 -3.097 -3.246
0.0152 0.01508 10.00432 1.0326167345 2.4794960022    1.024  2.263  3.6087  1.572    3  0.000  0.453     0.00     0.00     0.00     0.00     0.00 -1 -3.54e-10      0.00 6.920e-01 2.929e-01 2.254e-03 1.179e-03 6.635e-03 -1.000 1.514e-02 -0.887 3.060 1.455 0.018 -0.801 -1.480 -2.473 -3.213 -3.369
0.0152 0.01508 10.00432 1.0326575041 2.4795038700    1.024  2.304  3.6056  1.518    3  0.000  0.453     0.00     0.00     0.00     0.00     0.00 -1 -4.15e-10      0.00 6.920e-01 2.929e-01 2.254e-03 1.179e-03 6.635e-03 -1.000 1.514e-02 -0.991 3.006 1.397 -0.055 -0.881 -1.572 -2.582 -3.327 -3.490
0.0152 0.01508 10.00432 1.0326958895 2.4795112610    1.023  2.346  3.6024  1.463    3  0.000  0.453     0.00     0.00     0.00     0.00     0.00 -1 -4.87e-10      0.00 6.920e-01 2.929e-01 2.254e-03 1.179e-03 6.635e-03 -1.000 1.514e-02 -1.096 2.987 1.345 -0.124 -0.961 -1.668 -2.693 -3.446 -3.614
0.0152 0.01508 10.00432 1.0327308178 2.4795181751    1.022  2.388  3.5992  1.409    3  0.000  0.453     0.00     0.00     0.00     0.00     0.00 -1 -5.71e-10      0.00 6.920e-01 2.929e-01 2.254e-03 1.179e-03 6.635e-03 -1.000 1.514e-02 -1.199 2.986 1.300 -0.187 -1.038 -1.762 -2.804 -3.565 -3.738
0.0152 0.01508 10.00432 1.0327627659 2.4795243740    1.022  2.428  3.5960  1.355    3  0.000  0.453     0.00     0.00     0.00     0.00     0.00 -1 -6.68e-10      0.00 6.920e-01 2.929e-01 2.254e-03 1.179e-03 6.635e-03 -1.000 1.514e-02 -1.301 2.982 1.259 -0.243 -1.109 -1.855 -2.913 -3.683 -3.861
0.0152 0.01508 10.00432 1.0327928066 2.4795300961    1.021  2.469  3.5927  1.300    3  0.000  0.453     0.00     0.00     0.00     0.00     0.00 -1 -7.82e-10      0.00 6.920e-01 2.929e-01 2.254e-03 1.179e-03 6.635e-03 -1.000 1.514e-02 -1.403 2.979 1.218 -0.299 -1.180 -1.948 -3.024 -3.802 -3.985
0.0152 0.01508 10.00432 1.0328198671 2.4795355797    1.020  2.509  3.5895  1.247    3  0.000  0.453    12.38     8.97     6.27     4.84     3.92  4 -9.12e-10      0.00 6.920e-01 2.929e-01 2.254e-03 1.179e-03 6.635e-03 -1.000 1.514e-02 -1.503 2.977 1.180 -0.352 -1.247 -2.038 -3.131 -3.918 -4.106
0.0152 0.01508 10.00432 1.0328445435 2.4795403481    1.019  2.548  3.5862  1.195    3  0.000  0.453    13.80     9.86     6.86     5.30     4.30  3 -1.06e-09      0.00 6.920e-01 2.929e-01 2.254e-03 1.179e-03 6.635e-03 -1.000 1.514e-02 -1.600 2.974 1.150 -0.393 -1.304 -2.124 -3.236 -4.031 -4.225
0.0152 0.01508 10.00432 1.0328679085 2.4795448780    1.018  2.588  3.5828  1.142    3  0.000  0.453    15.42    10.86     7.52     5.82     4.72  3 -1.24e-09      0.00 6.920e-01 2.929e-01 2.254e-03 1.179e-03 6.635e-03 -1.000 1.514e-02 -1.699 2.972 1.118 -0.437 -1.364 -2.212 -3.343 -4.147 -4.346
0.0152 0.01508 10.00432 1.0328891277 2.4795489311    1.018  2.626  3.5795  1.090    3  0.000  0.453    17.18    11.93     8.22     6.37     5.17  3 -1.44e-09      0.00 6.920e-01 2.929e-01 2.254e-03 1.179e-03 6.635e-03 -1.000 1.514e-02 -1.795 2.970 1.091 -0.475 -1.419 -2.297 -3.447 -4.259 -4.463
0.0152 0.01508 10.00432 1.0329086781 2.4795527458    1.016  2.664  3.5761  1.038    3  0.000  0.453    19.13    13.09     8.99     6.98     5.66  3 -1.67e-09      0.00 6.920e-01 2.929e-01 2.254e-03 1.179e-03 6.635e-03 -1.000 1.514e-02 -1.889 2.964 1.073 -0.498 -1.461 -2.378 -3.550 -4.371 -4.580
0.0152 0.01508 10.00432 1.0329271555 2.4795563221    1.015  2.702  3.5726  0.986    3  0.000  0.453    21.33    14.39     9.84     7.64     6.21  3 -1.93e-09      0.00 6.920e-01 2.929e-01 2.254e-03 1.179e-03 6.635e-03 -1.000 1.514e-02 -1.984 2.962 1.058 -0.519 -1.502 -2.459 -3.654 -4.483 -4.698
0.0152 0.01508 10.00432 1.0329443216 2.4795596600    1.014  2.739  3.5691  0.933    3  0.000  0.453    23.76    15.80    10.76     8.37     6.80  3 -2.24e-09      0.00 6.920e-01 2.929e-01 2.254e-03 1.179e-03 6.635e-03 -1.000 1.514e-02 -2.078 2.964 1.050 -0.533 -1.538 -2.539 -3.758 -4.595 -4.815
0.0152 0.01508 10.00432 1.0329638720 2.4795634747    1.012  2.784  3.5647  0.870    3  0.000  0.453    27.12    17.72    12.00     9.36     7.60  3 -2.68e-09      0.00 6.920e-01 2.929e-01 2.254e-03 1.179e-03 6.635e-03 -1.000 1.514e-02 -2.191 2.962 1.053 -0.528 -1.565 -2.630 -3.885 -4.730 -4.957
0.0152 0.01508 10.00432 1.0329816341 2.4795668125    1.011  2.829  3.5604  0.808    3  0.000  0.453    30.87    19.83    13.36    10.43     8.48  2  -3.2e-09      0.00 6.920e-01 2.929e-01 2.254e-03 1.179e-03 6.635e-03 -1.000 1.514e-02 -2.302 2.962 1.058 -0.523 -1.591 -2.719 -4.009 -4.862 -5.096
0.0152 0.01508 10.00432 1.0329978466 2.4795701504    1.009  2.872  3.5561  0.746    3  0.000  0.453    35.08    22.15    14.85    11.62     9.45  2 -3.81e-09      0.00 6.920e-01 2.929e-01 2.254e-03 1.179e-03 6.635e-03 -1.000 1.514e-02 -2.410 2.959 1.082 -0.490 -1.599 -2.798 -4.131 -4.992 -5.234
0.0152 0.01508 10.00432 1.0330131054 2.4795730114    1.006  2.916  3.5516  0.684    3  0.000  0.453    39.92    24.78    16.53    12.95    10.53  2 -4.54e-09      0.00 6.920e-01 2.929e-01 2.254e-03 1.180e-03 6.635e-03 -1.000 1.514e-02 -2.519 2.958 1.112 -0.451 -1.602 -2.876 -4.253 -5.123 -5.372
0.0152 0.01508 10.00432 1.0330269337 2.4795756340    1.004  2.958  3.5471  0.622    3  0.000  0.453    45.33    27.66    18.36    14.41    11.72  2 -5.39e-09      0.00 6.920e-01 2.929e-01 2.254e-03 1.180e-03 6.635e-03 -1.000 1.514e-02 -2.625 2.957 1.159 -0.389 -1.590 -2.942 -4.372 -5.251 -5.507
0.0152 0.01508 10.00432 1.0330398083 2.4795782566    1.001  2.999  3.5426  0.562    3  0.000  0.453    51.42    30.85    20.38    16.02    13.03  2 -6.38e-09      0.00 6.920e-01 2.929e-01 2.254e-03 1.180e-03 6.635e-03 -1.000 1.514e-02 -2.729 2.957 1.217 -0.312 -1.568 -3.001 -4.491 -5.376 -5.641
0.0152 0.01508 10.00432 1.0330518484 2.4795806408    0.998  3.041  3.5381  0.501    3  0.000  0.453    58.35    34.42    22.62    17.81    14.50  2 -7.56e-09      0.00 6.920e-01 2.929e-01 2.254e-03 1.180e-03 6.635e-03 -1.000 1.514e-02 -2.832 2.957 1.288 -0.219 -1.537 -3.052 -4.609 -5.502 -5.774
0.0152 0.01508 10.00432 1.0330628157 2.4795827866    0.995  3.081  3.5335  0.441    3  0.000  0.453    66.06    38.32    25.06    19.77    16.09  2 -8.93e-09      0.00 6.920e-01 2.929e-01 2.254e-03 1.180e-03 6.635e-03 -1.000 1.514e-02 -2.932 2.960 1.382 -0.099 -1.490 -3.089 -4.726 -5.624 -5.905
0.0152 0.01508 10.00432 1.0330731869 2.4795846939    0.992  3.121  3.5289  0.381    3  0.000  0.453    74.79    42.65    27.76    21.93    17.86  2 -1.05e-08      0.00 6.920e-01 2.929e-01 2.254e-03 1.180e-03 6.635e-03 -1.000 1.514e-02 -3.032 2.963 1.485 0.032 -1.436 -3.118 -4.841 -5.745 -6.035
0.0152 0.01508 10.00432 1.0330827236 2.4795866013    0.988  3.160  3.5242  0.322    3  0.000  0.453    84.54    47.41    30.71    24.31    19.80  1 -1.24e-08      0.00 6.920e-01 2.929e-01 2.254e-03 1.180e-03 6.635e-03 -1.000 1.514e-02 -3.129 2.967 1.615 0.197 -1.364 -3.120 -4.955 -5.863 -6.162
0.0152 0.01508 10.00432 1.0330915451 2.4795882702    0.984  3.198  3.5196  0.263    3  0.000  0.453    95.47    52.66    33.94    26.91    21.92  1 -1.46e-08      0.00 6.920e-01 2.929e-01 2.253e-03 1.180e-03 6.635e-03 -1.000 1.514e-02 -3.224 2.974 1.757 0.374 -1.282 -3.115 -5.066 -5.979 -6.288
0.0152 0.01508 10.00432 1.0330997705 2.4795899391    0.979  3.235  3.5149  0.205    3  0.000  0.453   107.69    58.42    37.47    29.76    24.25  1 -1.71e-08      0.00 6.920e-01 2.929e-01 2.253e-03 1.180e-03 6.635e-03 -1.000 1.514e-02 -3.318 2.983 1.932 0.602 -1.169 -3.070 -5.174 -6.092 -6.412
0.0152 0.01508 10.00432 1.0331076384 2.4795913696    0.974  3.272  3.5101  0.147    3  0.000  0.453   121.54    64.83    41.38    32.93    26.84  1 -1.99e-08      0.00 6.920e-01 2.929e-01 2.253e-03 1.180e-03 6.635e-03 -1.000 1.514e-02 -3.410 2.994 2.113 0.838 -1.050 -3.021 -5.282 -6.205 -6.535
0.0152 0.01508 10.00432 1.0331149101 2.4795928001    0.968  3.308  3.5054  0.090    3  0.000  0.453   136.86    71.79    45.61    36.35    29.64  1 -2.32e-08      0.00 6.920e-01 2.929e-01 2.253e-03 1.180e-03 6.635e-03 -1.000 1.514e-02 -3.500 2.994 2.255 1.023 -0.959 -2.980 -5.388 -6.314 -6.653
0.0152 0.01508 10.00432 1.0331217051 2.4795939922    0.962  3.343  3.5008  0.034    3  0.000  0.453   153.69    79.31    50.16    40.04    32.65  1 -2.69e-08      0.00 6.920e-01 2.929e-01 2.253e-03 1.180e-03 6.635e-03 -1.000 1.514e-02 -3.587 3.001 2.412 1.225 -0.855 -2.926 -5.489 -6.421 -6.768
0.0152 0.01508 10.00432 1.0331283808 2.4795954227    0.955  3.378  3.4961 -0.023    3  0.000  0.453   170.88    87.70    55.21    44.15    36.01  1 -3.12e-08      0.00 6.920e-01 2.929e-01 2.253e-03 1.180e-03 6.635e-03 -1.000 1.514e-02 -3.674 3.005 2.557 1.401 -0.762 -2.869 -5.590 -6.527 -6.884
0.0152 0.01508 10.00432 1.0331336260 2.4795963764    0.949  3.403  3.4927 -0.065    3  0.000  0.453   181.88    94.52    59.29    47.48    38.72  1 -3.49e-08      0.00 6.920e-01 2.929e-01 2.253e-03 1.180e-03 6.635e-03 -1.000 1.514e-02 -3.738 3.009 2.663 1.528 -0.695 -2.827 -5.665 -6.605 -6.969
0.0152 0.01508 10.00432 1.0331336260 2.4795963764    0.949  1.679  3.6672  2.358    4  0.000  0.473     0.00     0.00     0.00     0.00     0.00 -1    -1e-30      0.00 6.948e-01 2.901e-01 2.343e-03 1.058e-03 6.609e-03 -1.000 1.507e-02 0.574 3.111 2.090 1.004 0.371 -0.133 -0.880 -1.474 -1.560
0.0152 0.01508 10.00432 1.0332293510 2.4796149731    0.949  1.686  3.6667  2.348    4  0.000  0.473     0.00     0.00     0.00     0.00     0.00 -1    -1e-30      0.00 6.948e-01 2.901e-01 2.343e-03 1.058e-03 6.609e-03 -1.000 1.507e-02 0.554 3.106 2.077 0.988 0.353 -0.152 -0.901 -1.497 -1.583
0.0152 0.01508 10.00432 1.0332663059 2.4796221256    0.949  1.688  3.6666  2.346    4  0.000  0.473     0.00     0.00     0.00     0.00     0.00 -1    -1e-30      0.00 6.948e-01 2.901e-01 2.343e-03 1.058e-03 6.609e-03 -1.000 1.507e-02 0.550 3.104 2.074 0.985 0.349 -0.156 -0.906 -1.501 -1.587
0.0152 0.01508 10.00432 1.0333087444 2.4796304703    0.950  1.690  3.6666  2.344    4  0.000  0.473     0.00     0.00     0.00     0.00     0.00 -1    -1e-30      0.00 6.948e-01 2.901e-01 2.343e-03 1.059e-03 6.609e-03 -1.000 1.507e-02 0.546 3.102 2.071 0.981 0.345 -0.161 -0.910 -1.506 -1.592
0.0152 0.01508 10.00432 1.0333966017 2.4796473980    0.950  1.689  3.6668  2.345    4  0.000  0.473     0.00     0.00     0.00     0.00     0.00 -1    -1e-30      0.00 6.948e-01 2.901e-01 2.343e-03 1.059e-03 6.609e-03 -1.000 1.507e-02 0.546 3.097 2.069 0.980 0.345 -0.160 -0.909 -1.504 -1.590
0.0152 0.01508 10.00432 1.0334849358 2.4796645641    0.950  1.687  3.6672  2.349    4  0.000  0.473     0.00     0.00     0.00     0.00     0.00 -1    -1e-30      0.00 6.948e-01 2.901e-01 2.343e-03 1.059e-03 6.609e-03 -1.000 1.507e-02 0.552 3.092 2.069 0.982 0.349 -0.155 -0.902 -1.496 -1.582
0.0152 0.01508 10.00432 1.0335767269 2.4796824455    0.950  1.684  3.6677  2.354    4  0.000  0.473     0.00     0.00     0.00     0.00     0.00 -1    -1e-30      0.00 6.948e-01 2.901e-01 2.343e-03 1.059e-03 6.609e-03 -1.000 1.507e-02 0.559 3.086 2.070 0.986 0.355 -0.148 -0.894 -1.486 -1.571
0.0152 0.01508 10.00432 1.0336649418 2.4796996117    0.950  1.682  3.6682  2.359    4  0.000  0.473     0.00     0.00     0.00     0.00     0.00 -1    -1e-30      0.00 6.948e-01 2.901e-01 2.343e-03 1.059e-03 6.609e-03 -1.000 1.507e-02 0.566 3.080 2.071 0.990 0.360 -0.142 -0.885 -1.475 -1.560
0.0152 0.01508 10.00432 1.0337578058 2.4797174931    0.950  1.678  3.6688  2.365    4  0.000  0.473     0.00     0.00     0.00     0.00     0.00 -1    -1e-30      0.00 6.948e-01 2.901e-01 2.343e-03 1.059e-03 6.609e-03 -1.000 1.507e-02 0.574 3.074 2.072 0.994 0.366 -0.134 -0.876 -1.464 -1.549
0.0152 0.01508 10.00432 1.0338469744 2.4797348976    0.950  1.676  3.6693  2.369    4  0.000  0.473     0.00     0.00     0.00     0.00     0.00 -1    -1e-30      0.00 6.948e-01 2.901e-01 2.343e-03 1.059e-03 6.609e-03 -1.000 1.507e-02 0.581 3.068 2.073 0.997 0.372 -0.128 -0.867 -1.454 -1.538
0.0152 0.01508 10.00432 1.0339344740 2.4797518253    0.950  1.673  3.6698  2.374    4  0.000  0.473     0.00     0.00     0.00     0.00     0.00 -1    -1e-30      0.00 6.948e-01 2.901e-01 2.343e-03 1.059e-03 6.609e-03 -1.000 1.507e-02 0.587 3.062 2.073 1.000 0.377 -0.122 -0.859 -1.445 -1.529
0.0152 0.01508 10.00432 1.0340298414 2.4797701836    0.950  1.671  3.6702  2.378    4  0.000  0.473     0.00     0.00     0.00     0.00     0.00 -1    -1e-30      0.00 6.948e-01 2.901e-01 2.342e-03 1.060e-03 6.609e-03 -1.000 1.507e-02 0.593 3.057 2.074 1.004 0.381 -0.116 -0.852 -1.436 -1.520
0.0152 0.01508 10.00432 1.0341249704 2.4797887802    0.951  1.669  3.6706  2.382    4  0.000  0.473     0.00     0.00     0.00     0.00     0.00 -1    -1e-30      0.00 6.948e-01 2.901e-01 2.342e-03 1.060e-03 6.609e-03 -1.000 1.507e-02 0.598 3.052 2.075 1.006 0.385 -0.111 -0.845 -1.429 -1.512
0.0152 0.01508 10.00432 1.0342206955 2.4798073769    0.951  1.667  3.6710  2.385    4  0.000  0.473     0.00     0.00     0.00     0.00     0.00 -1    -1e-30      0.00 6.948e-01 2.901e-01 2.342e-03 1.060e-03 6.609e-03 -1.000 1.507e-02 0.603 3.048 2.075 1.008 0.389 -0.107 -0.840 -1.422 -1.505
0.0152 0.01508 10.00432 1.0343137980 2.4798252583    0.951  1.665  3.6713  2.388    4  0.000  0.473     0.00     0.00     0.00     0.00     0.00 -1    -1e-30      0.00 6.948e-01 2.902e-01 2.342e-03 1.060e-03 6.609e-03 -1.000 1.507e-02 0.606 3.044 2.075 1.010 0.391 -0.104 -0.835 -1.416 -1.499
0.0152 0.01508 10.00432 1.0343556404 2.4798333645    0.951  1.665  3.6715  2.389    4  0.000  0.473     0.00     0.00     0.00     0.00     0.00 -1    -1e-30      0.00 6.948e-01 2.902e-01 2.342e-03 1.060e-03 6.609e-03 -1.000 1.507e-02 0.608 3.042 2.075 1.011 0.393 -0.102 -0.833 -1.414 -1.497
0.0152 0.01508 10.00432 1.0343846083 2.4798390865    0.951  1.664  3.6716  2.390    4  0.000  0.473     0.00     0.00     0.00     0.00     0.00 -1    -1e-30      0.00 6.948e-01 2.902e-01 2.342e-03 1.060e-03 6.609e-03 -1.000 1.507e-02 0.609 3.041 2.075 1.011 0.393 -0.101 -0.832 -1.413 -1.496
0.0152 0.01508 10.00432 1.0344743729 2.4798564911    0.951  1.663  3.6718  2.392    4  0.000  0.473     0.00     0.00     0.00     0.00     0.00 -1    -1e-30      0.00 6.948e-01 2.902e-01 2.342e-03 1.060e-03 6.609e-03 -1.000 1.507e-02 0.611 3.038 2.075 1.012 0.395 -0.099 -0.829 -1.409 -1.492
0.0152 0.01508 10.00432 1.0345616341 2.4798734188    0.951  1.663  3.6720  2.394    4  0.000  0.473     0.00     0.00     0.00     0.00     0.00 -1    -1e-30      0.00 6.948e-01 2.902e-01 2.342e-03 1.060e-03 6.609e-03 -1.000 1.507e-02 0.613 3.035 2.074 1.013 0.396 -0.097 -0.826 -1.406 -1.488
0.0152 0.01508 10.00432 1.0346451998 2.4798893929    0.951  1.662  3.6722  2.395    4  0.000  0.473     0.00     0.00     0.00     0.00     0.00 -1    -1e-30      0.00 6.948e-01 2.902e-01 2.342e-03 1.060e-03 6.609e-03 -1.000 1.507e-02 0.614 3.032 2.073 1.013 0.397 -0.096 -0.825 -1.404 -1.486
0.0152 0.01508 10.00432 1.0347352028 2.4799067974    0.951  1.662  3.6723  2.395    4  0.000  0.473     0.00     0.00     0.00     0.00     0.00 -1    -1e-30      0.00 6.948e-01 2.902e-01 2.342e-03 1.061e-03 6.610e-03 -1.000 1.507e-02 0.615 3.029 2.072 1.012 0.397 -0.096 -0.824 -1.402 -1.485
0.0152 0.01508 10.00432 1.0348203182 2.4799234867    0.951  1.662  3.6724  2.395    4  0.000  0.473     0.00     0.00     0.00     0.00     0.00 -1    -1e-30      0.00 6.948e-01 2.902e-01 2.342e-03 1.061e-03 6.610e-03 -1.000 1.507e-02 0.614 3.027 2.071 1.011 0.396 -0.097 -0.824 -1.403 -1.485
0.0152 0.01508 10.00432 1.0349074602 2.4799401760    0.951  1.663  3.6724  2.395    4  0.000  0.473     0.00     0.00     0.00     0.00     0.00 -1    -1e-30      0.00 6.948e-01 2.902e-01 2.342e-03 1.061e-03 6.610e-03 -1.000 1.507e-02 0.612 3.025 2.069 1.010 0.394 -0.099 -0.826 -1.404 -1.486
0.0152 0.01508 10.00432 1.0349930525 2.4799568653    0.952  1.664  3.6724  2.394    4  0.000  0.473     0.00     0.00     0.00     0.00     0.00 -1    -1e-30      0.00 6.948e-01 2.902e-01 2.341e-03 1.061e-03 6.610e-03 -1.000 1.507e-02 0.610 3.023 2.067 1.007 0.392 -0.101 -0.829 -1.407 -1.489
0.0152 0.01508 10.00432 1.0349990129 2.4799580574    0.952  1.664  3.6724  2.394    4  0.000  0.473     0.00     0.00     0.00     0.00     0.00 -1    -1e-30      0.00 6.948e-01 2.902e-01 2.341e-03 1.061e-03 6.610e-03 -1.000 1.507e-02 0.609 3.023 2.067 1.007 0.392 -0.101 -0.829 -1.407 -1.490
0.0152 0.01508 10.00432 1.0350353718 2.4799649715    0.952  1.665  3.6723  2.393    4  0.000  0.473     0.00     0.00     0.00     0.00     0.00 -1    -1e-30      0.00 6.947e-01 2.902e-01 2.341e-03 1.061e-03 6.610e-03 -1.000 1.507e-02 0.608 3.023 2.066 1.006 0.390 -0.103 -0.831 -1.409 -1.491
0.0152 0.01508 10.00432 1.0351247787 2.4799823761    0.952  1.667  3.6722  2.391    4  0.000  0.472     0.00     0.00     0.00     0.00     0.00 -1    -1e-30      0.00 6.947e-01 2.902e-01 2.341e-03 1.061e-03 6.610e-03 -1.000 1.507e-02 0.603 3.021 2.062 1.002 0.386 -0.108 -0.836 -1.414 -1.497
0.0152 0.01508 10.00432 1.0352129936 2.4799993038    0.952  1.669  3.6720  2.387    4  0.000  0.472     0.00     0.00     0.00     0.00     0.00 -1    -1e-30      0.00 6.947e-01 2.902e-01 2.341e-03 1.061e-03 6.610e-03 -1.000 1.507e-02 0.597 3.020 2.058 0.996 0.380 -0.114 -0.843 -1.422 -1.504
0.0152 0.01508 10.00432 1.0353008509 2.4800162315    0.952  1.672  3.6718  2.383    4  0.000  0.472     0.00     0.00     0.00     0.00     0.00 -1    -1e-30      0.00 6.947e-01 2.902e-01 2.341e-03 1.061e-03 6.610e-03 -1.000 1.507e-02 0.589 3.019 2.054 0.990 0.373 -0.121 -0.851 -1.431 -1.514
0.0152 0.01508 10.00432 1.0353910923 2.4800336361    0.952  1.676  3.6714  2.378    4  0.000  0.472     0.00     0.00     0.00     0.00     0.00 -1    -1e-30      0.00 6.947e-01 2.902e-01 2.341e-03 1.062e-03 6.610e-03 -1.000 1.507e-02 0.579 3.018 2.048 0.982 0.364 -0.131 -0.862 -1.443 -1.526
0.0152 0.01508 10.00432 1.0354799032 2.4800508022    0.952  1.681  3.6710  2.371    4  0.000  0.472     0.00     0.00     0.00     0.00     0.00 -1    -1e-30      0.00 6.947e-01 2.902e-01 2.341e-03 1.062e-03 6.610e-03 -1.000 1.507e-02 0.567 3.017 2.041 0.973 0.353 -0.143 -0.876 -1.458 -1.541
0.0152 0.01508 10.00432 1.0355688334 2.4800679684    0.952  1.687  3.6704  2.364    4  0.000  0.472     0.00     0.00     0.00     0.00     0.00 -1    -1e-30      0.00 6.947e-01 2.902e-01 2.341e-03 1.062e-03 6.610e-03 -1.000 1.507e-02 0.554 3.016 2.034 0.962 0.341 -0.156 -0.891 -1.475 -1.558
0.0152 0.01508 10.00432 1.0356574059 2.4800851345    0.952  1.693  3.6698  2.355    4  0.000  0.472     0.00     0.00     0.00     0.00     0.00 -1    -1e-30      0.00 6.947e-01 2.902e-01 2.341e-03 1.062e-03 6.610e-03 -1.000 1.507e-02 0.538 3.016 2.025 0.951 0.327 -0.171 -0.909 -1.494 -1.578
0.0152 0.01508 10.00432 1.0357452631 2.4801020622    0.952  1.700  3.6692  2.346    4  0.000  0.472     0.00     0.00     0.00     0.00     0.00 -1    -1e-30      0.00 6.947e-01 2.902e-01 2.341e-03 1.062e-03 6.610e-03 -1.000 1.507e-02 0.520 3.016 2.016 0.937 0.311 -0.189 -0.929 -1.516 -1.600
0.0152 0.01508 10.00432 1.0358353853 2.4801194668    0.953  1.705  3.6686  2.338    4  0.000  0.472     0.00     0.00     0.00     0.00     0.00 -1    -1e-30      0.00 6.947e-01 2.902e-01 2.341e-03 1.062e-03 6.610e-03 -1.000 1.507e-02 0.506 3.017 2.009 0.927 0.299 -0.202 -0.944 -1.533 -1.618
0.0152 0.01508 10.00432 1.0359268188 2.4801371098    0.953  1.713  3.6679  2.328    4  0.000  0.472     0.00     0.00     0.00     0.00     0.00 -1    -1e-30      0.00 6.947e-01 2.902e-01 2.341e-03 1.062e-03 6.610e-03 -1.000 1.507e-02 0.489 3.017 2.000 0.914 0.283 -0.219 -0.964 -1.555 -1.640
0.0152 0.01508 10.00432 1.0360176563 2.4801547527    0.953  1.739  3.6654  2.291    4  0.000  0.472     0.00     0.00     0.00     0.00     0.00 -1    -1e-30      0.00 6.947e-01 2.902e-01 2.340e-03 1.062e-03 6.610e-03 -1.000 1.507e-02 0.421 3.017 1.964 0.863 0.224 -0.285 -1.039 -1.637 -1.724
0.0152 0.01508 10.00432 1.0360881090 2.4801683426    0.953  1.778  3.6619  2.238    4  0.000  0.472     0.00     0.00     0.00     0.00     0.00 -1    -1e-30      0.00 6.947e-01 2.902e-01 2.340e-03 1.063e-03 6.610e-03 -1.000 1.507e-02 0.325 3.015 1.912 0.790 0.138 -0.378 -1.146 -1.755 -1.844
0.0152 0.01508 10.00432 1.0361232758 2.4801750183    0.953  1.816  3.6583  2.186    4  0.000  0.472     0.00     0.00     0.00     0.00     0.00 -1    -1e-30      0.00 6.947e-01 2.902e-01 2.340e-03 1.063e-03 6.610e-03 -1.000 1.507e-02 0.230 3.019 1.864 0.720 0.055 -0.470 -1.252 -1.871 -1.963
0.0152 0.01508 10.00432 1.0361429453 2.4801788330    0.953  1.858  3.6545  2.129    4  0.000  0.472     0.00     0.00     0.00     0.00     0.00 -1    -1e-30      0.00 6.947e-01 2.902e-01 2.340e-03 1.063e-03 6.610e-03 -1.000 1.507e-02 0.126 3.022 1.811 0.644 -0.035 -0.569 -1.366 -1.997 -2.091
0.0152 0.01508 10.00432 1.0361526012 2.4801807404    0.953  1.896  3.6509  2.076    4  0.000  0.472     0.00     0.00     0.00     0.00     0.00 -1    -1e-30      0.00 6.947e-01 2.902e-01 2.340e-03 1.063e-03 6.610e-03 -1.000 1.507e-02 0.029 3.026 1.762 0.573 -0.119 -0.662 -1.474 -2.115 -2.212
0.0152 0.01508 10.00432 1.0361578465 2.4801816940    0.953  1.935  3.6474  2.023    4  0.000  0.472     0.00     0.00     0.00     0.00     0.00 -1    -1e-30      0.00 6.947e-01 2.902e-01 2.340e-03 1.063e-03 6.610e-03 -1.000 1.507e-02 -0.068 3.032 1.715 0.503 -0.202 -0.755 -1.580 -2.233 -2.331
0.0152 0.01508 10.00432 1.0361609459 2.4801824093    0.953  1.974  3.6440  1.971    4  0.000  0.472     0.00     0.00     0.00     0.00     0.00 -1    -1e-30      0.00 6.947e-01 2.902e-01 2.340e-03 1.063e-03 6.610e-03 -1.000 1.507e-02 -0.165 3.027 1.669 0.433 -0.285 -0.846 -1.685 -2.346 -2.449
0.0152 0.01508 10.00432 1.0361629725 2.4801828861    0.953  2.013  3.6405  1.918    4  0.000  0.472     0.00     0.00     0.00     0.00     0.00 -1    -1e-30      0.00 6.947e-01 2.902e-01 2.340e-03 1.063e-03 6.610e-03 -1.000 1.507e-02 -0.263 3.009 1.621 0.360 -0.368 -0.937 -1.791 -2.458 -2.565
0.0152 0.01508 10.00432 1.0361640453 2.4801828861    0.953  2.040  3.6381  1.882    7  0.000  0.472     0.00     0.00     0.00     0.00     0.00 -1    -1e-30      0.00 6.947e-01 2.902e-01 2.340e-03 1.063e-03 6.610e-03 -1.000 1.507e-02 -0.330 2.995 1.589 0.311 -0.423 -0.999 -1.863 -2.534 -2.645
0.0152 0.01508 10.00432 1.0361644030 2.4801831245    0.953  2.050  3.6373  1.868    7  0.000  0.472     0.00     0.00     0.00     0.00     0.00 -1    -1e-30      0.00 6.947e-01 2.902e-01 2.340e-03 1.063e-03 6.610e-03 -1.000 1.507e-02 -0.355 2.989 1.577 0.293 -0.443 -1.022 -1.889 -2.562 -2.674
0.0152 0.01508 10.00432 1.0361660719 2.4801833630    0.953  2.097  3.6332  1.805    7  0.000  0.472     0.00     0.00     0.00     0.00     0.00 -1    -1e-30      0.00 6.947e-01 2.902e-01 2.340e-03 1.063e-03 6.610e-03 -1.000 1.507e-02 -0.472 2.961 1.520 0.207 -0.540 -1.130 -2.015 -2.694 -2.813
0.0152 0.01508 10.00432 1.0361675024 2.4801836014    0.953  2.136  3.6298  1.752    7  0.000  0.472     0.00     0.00     0.00     0.00     0.00 -1    -1e-30      0.00 6.947e-01 2.902e-01 2.340e-03 1.063e-03 6.610e-03 -1.000 1.507e-02 -0.570 2.935 1.470 0.134 -0.621 -1.220 -2.119 -2.804 -2.929
0.0152 0.01508 10.00432 1.0361713171 2.4801843166    0.953  2.148  3.6288  1.736    7  0.000  0.472     0.00     0.00     0.00     0.00     0.00 -1    -1e-30      0.00 6.947e-01 2.902e-01 2.340e-03 1.063e-03 6.610e-03 -1.000 1.507e-02 -0.601 2.924 1.454 0.112 -0.646 -1.248 -2.152 -2.839 -2.965
0.0152 0.01508 10.00432 1.0361752510 2.4801850319    0.953  2.114  3.6318  1.782    7  0.000  0.472     0.00     0.00     0.00     0.00     0.00 -1    -1e-30      0.00 6.947e-01 2.902e-01 2.340e-03 1.063e-03 6.610e-03 -1.000 1.507e-02 -0.516 2.948 1.496 0.174 -0.577 -1.170 -2.061 -2.743 -2.864
0.0152 0.01508 10.00432 1.0362101793 2.4801919460    0.953  2.088  3.6341  1.817    7  0.000  0.472     0.00     0.00     0.00     0.00     0.00 -1 -6.57e-17      0.00 6.947e-01 2.893e-01 2.340e-03 1.063e-03 6.610e-03 -1.000 1.596e-02 -0.450 2.965 1.530 0.223 -0.522 -1.109 -1.990 -2.668 -2.786
0.0152 0.01508 10.00432 1.0362688303 2.4802031517    0.952  2.125  3.6307  1.766    7  0.000  0.472     0.00     0.00     0.00     0.00     0.00 -1 -7.66e-10      0.00 6.947e-01 2.889e-01 2.340e-03 1.063e-03 6.610e-03 -1.000 1.643e-02 -0.544 2.943 1.484 0.154 -0.599 -1.195 -2.091 -2.775 -2.898
0.0152 0.01508 10.00432 1.0363029242 2.4802098274    0.951  2.166  3.6271  1.710    7  0.000  0.472     0.00     0.00     0.00     0.00     0.00 -1 -9.52e-10      0.00 6.947e-01 2.889e-01 2.340e-03 1.063e-03 6.610e-03 -1.000 1.643e-02 -0.646 2.914 1.434 0.081 -0.681 -1.288 -2.200 -2.890 -3.019
0.0152 0.01508 10.00432 1.0363347530 2.4802157879    0.950  2.207  3.6236  1.655    7  0.000  0.472     0.00     0.00     0.00     0.00     0.00 -1 -1.17e-09      0.00 6.947e-01 2.889e-01 2.340e-03 1.063e-03 6.610e-03 -1.000 1.643e-02 -0.747 2.882 1.383 0.009 -0.761 -1.379 -2.307 -3.003 -3.139
0.0152 0.01508 10.00432 1.0363630056 2.4802212715    0.949  2.248  3.6200  1.599    7  0.000  0.472     0.00     0.00     0.00     0.00     0.00 -1 -1.45e-09      0.00 6.947e-01 2.889e-01 2.340e-03 1.063e-03 6.610e-03 -1.000 1.643e-02 -0.851 2.847 1.330 -0.066 -0.844 -1.473 -2.416 -3.119 -3.262
0.0152 0.01508 10.00432 1.0363873243 2.4802260399    0.947  2.290  3.6164  1.542    7  0.000  0.472     0.00     0.00     0.00     0.00     0.00 -1 -1.79e-09      0.00 6.947e-01 2.889e-01 2.340e-03 1.063e-03 6.610e-03 -1.000 1.643e-02 -0.954 2.810 1.278 -0.137 -0.924 -1.565 -2.525 -3.235 -3.385
0.0152 0.01508 10.00432 1.0364086628 2.4802300930    0.946  2.331  3.6128  1.486    7  0.000  0.472     0.00     0.00     0.00     0.00     0.00 -1  -2.2e-09      0.00 6.947e-01 2.889e-01 2.340e-03 1.063e-03 6.610e-03 -1.000 1.643e-02 -1.057 2.785 1.228 -0.206 -1.003 -1.657 -2.635 -3.352 -3.509
0.0152 0.01508 10.00432 1.0364276171 2.4802339077    0.944  2.373  3.6091  1.429    7  0.000  0.472     0.00     0.00     0.00     0.00     0.00 -1 -2.72e-09      0.00 6.947e-01 2.889e-01 2.340e-03 1.063e-03 6.610e-03 -1.000 1.643e-02 -1.161 2.798 1.186 -0.270 -1.082 -1.752 -2.747 -3.475 -3.637
0.0152 0.01508 10.00432 1.0364444256 2.4802370071    0.942  2.414  3.6055  1.372    7  0.000  0.472     0.00     0.00     0.00     0.00     0.00 -1 -3.38e-09      0.00 6.947e-01 2.889e-01 2.340e-03 1.063e-03 6.610e-03 -1.000 1.643e-02 -1.266 2.808 1.146 -0.330 -1.157 -1.847 -2.860 -3.597 -3.765
0.0152 0.01508 10.00432 1.0364593267 2.4802398682    0.941  2.456  3.6018  1.315    7  0.000  0.472     0.00     0.00     0.00     0.00     0.00 -1 -4.16e-09      0.00 6.947e-01 2.889e-01 2.340e-03 1.063e-03 6.610e-03 -1.000 1.643e-02 -1.369 2.821 1.107 -0.389 -1.232 -1.940 -2.971 -3.719 -3.892
0.0152 0.01508 10.00432 1.0364729166 2.4802424908    0.938  2.497  3.5980  1.258    7  0.000  0.472     0.00     0.00     0.00     0.00     0.00 -1 -5.08e-09      0.00 6.947e-01 2.889e-01 2.340e-03 1.063e-03 6.610e-03 -1.000 1.643e-02 -1.471 2.833 1.073 -0.442 -1.301 -2.032 -3.082 -3.841 -4.019
0.0152 0.01508 10.00432 1.0364855528 2.4802448750    0.936  2.537  3.5940  1.200    7  0.000  0.472    13.28     9.56     6.65     5.15     4.17  3 -6.25e-09      0.00 6.947e-01 2.889e-01 2.339e-03 1.063e-03 6.610e-03 -1.000 1.643e-02 -1.573 2.848 1.044 -0.488 -1.365 -2.123 -3.193 -3.963 -4.147
0.0152 0.01508 10.00432 1.0364973545 2.4802472591    0.933  2.578  3.5890  1.138    7  0.000  0.472    15.11    10.69     7.39     5.74     4.65  3 -7.68e-09      0.00 6.947e-01 2.889e-01 2.337e-03 1.065e-03 6.610e-03 -1.000 1.642e-02 -1.675 2.887 1.037 -0.515 -1.415 -2.209 -3.306 -4.090 -4.281
0.0152 0.01508 10.00432 1.0365087986 2.4802494049    0.930  2.619  3.5814  1.065    7  0.000  0.471    17.58    12.18     8.37     6.51     5.28  3 -9.31e-09      0.00 6.947e-01 2.889e-01 2.333e-03 1.067e-03 6.610e-03 -1.000 1.639e-02 -1.777 2.972 1.080 -0.491 -1.427 -2.286 -3.425 -4.231 -4.433
0.0152 0.01508 10.00432 1.0365195274 2.4802515507    0.926  2.659  3.5771  1.006    7  0.000  0.470    19.89    13.55     9.27     7.22     5.86  3 -1.14e-08      0.00 6.947e-01 2.889e-01 2.328e-03 1.074e-03 6.610e-03 -1.000 1.637e-02 -1.878 2.981 1.070 -0.510 -1.468 -2.372 -3.538 -4.354 -4.563
0.0152 0.01508 10.00432 1.0365295410 2.4802534580    0.922  2.700  3.5729  0.946    7  0.000  0.468    22.52    15.08    10.26     8.01     6.50  3  -1.4e-08      0.00 6.947e-01 2.889e-01 2.320e-03 1.082e-03 6.610e-03 -1.000 1.637e-02 -1.981 2.993 1.066 -0.521 -1.504 -2.457 -3.651 -4.477 -4.693
0.0152 0.01508 10.00432 1.0365388393 2.4802553654    0.917  2.741  3.5685  0.885    7  0.000  0.466    25.57    16.82    11.39     8.91     7.23  2 -1.73e-08      0.00 6.947e-01 2.889e-01 2.312e-03 1.091e-03 6.610e-03 -1.000 1.637e-02 -2.084 3.005 1.071 -0.521 -1.532 -2.542 -3.767 -4.603 -4.825
0.0152 0.01508 10.00432 1.0365469456 2.4802567959    0.912  2.785  3.5637  0.819    7  0.000  0.465    29.28    18.90    12.73     9.97     8.10  2 -2.14e-08      0.00 6.947e-01 2.889e-01 2.305e-03 1.100e-03 6.610e-03 -1.000 1.637e-02 -2.193 3.014 1.087 -0.503 -1.549 -2.627 -3.891 -4.736 -4.966
0.0152 0.01508 10.00432 1.0365526676 2.4802579880    0.907  2.829  3.5588  0.754    7  0.000  0.464    33.53    21.23    14.23    11.16     9.07  2 -2.63e-08      0.00 6.947e-01 2.889e-01 2.298e-03 1.108e-03 6.610e-03 -1.000 1.637e-02 -2.302 3.025 1.113 -0.473 -1.557 -2.709 -4.014 -4.869 -5.107
0.0152 0.01508 10.00432 1.0365566015 2.4802587032    0.903  2.870  3.5541  0.693    7  0.000  0.462    38.11    23.70    15.80    12.42    10.10  2 -3.19e-08      0.00 6.947e-01 2.889e-01 2.292e-03 1.115e-03 6.610e-03 -1.000 1.637e-02 -2.404 3.033 1.156 -0.419 -1.547 -2.779 -4.130 -4.995 -5.240
0.0152 0.01508 10.00432 1.0365600586 2.4802594185    0.899  2.910  3.5493  0.632    7  0.000  0.462    43.30    26.45    17.55    13.82    11.23  2 -3.87e-08      0.00 6.947e-01 2.889e-01 2.288e-03 1.121e-03 6.610e-03 -1.000 1.637e-02 -2.504 3.044 1.206 -0.356 -1.532 -2.844 -4.245 -5.119 -5.372
0.0152 0.01508 10.00432 1.0365631580 2.4802598953    0.895  2.949  3.5444  0.570    7  0.000  0.461    49.22    29.52    19.49    15.37    12.50  2 -4.66e-08      0.00 6.947e-01 2.889e-01 2.284e-03 1.125e-03 6.610e-03 -1.000 1.637e-02 -2.604 3.053 1.282 -0.259 -1.494 -2.895 -4.360 -5.242 -5.504
0.0152 0.01508 10.00432 1.0365658998 2.4802603722    0.890  2.988  3.5396  0.509    7  0.000  0.460    55.85    32.90    21.61    17.08    13.89  2 -5.58e-08      0.00 6.947e-01 2.889e-01 2.281e-03 1.129e-03 6.610e-03 -1.000 1.637e-02 -2.701 3.064 1.359 -0.160 -1.455 -2.943 -4.473 -5.363 -5.633
0.0152 0.01508 10.00432 1.0365685225 2.4802610874    0.885  3.024  3.5349  0.452    7  0.000  0.460    62.90    36.42    23.81    18.85    15.33  1 -6.66e-08      0.00 6.947e-01 2.890e-01 2.280e-03 1.131e-03 6.610e-03 -1.000 1.633e-02 -2.790 3.077 1.468 -0.023 -1.393 -2.966 -4.579 -5.475 -5.754
0.0152 0.01508 10.00432 1.0365710258 2.4802615643    0.878  3.060  3.5300  0.394    7  0.000  0.460    71.00    40.39    26.28    20.84    16.95  1 -7.89e-08      0.00 6.947e-01 2.890e-01 2.279e-03 1.132e-03 6.610e-03 -1.000 1.633e-02 -2.879 3.094 1.585 0.125 -1.323 -2.987 -4.684 -5.587 -5.875
0.0152 0.01508 10.00432 1.0365738869 2.4802620411    0.870  3.095  3.5249  0.333    7  0.000  0.460    80.49    44.95    29.10    23.12    18.81  1 -9.48e-08      0.00 6.947e-01 2.890e-01 2.279e-03 1.132e-03 6.610e-03 -1.000 1.633e-02 -2.969 3.112 1.744 0.322 -1.226 -2.972 -4.792 -5.699 -5.998
0.0152 0.01508 10.00432 1.0365766287 2.4802625179    0.860  3.130  3.5198  0.274    7  0.000  0.460    91.11    49.94    32.17    25.61    20.84  1 -1.13e-07      0.00 6.947e-01 2.890e-01 2.279e-03 1.132e-03 6.610e-03 -1.000 1.633e-02 -3.055 3.134 1.910 0.526 -1.124 -2.952 -4.895 -5.808 -6.117
0.0152 0.01508 10.00432 1.0365797281 2.4802632332    0.846  3.163  3.5146  0.213    7  0.000  0.460   103.29    55.52    35.58    28.39    23.10  1 -1.35e-07      0.00 6.947e-01 2.890e-01 2.279e-03 1.132e-03 6.610e-03 -1.000 1.633e-02 -3.138 3.162 2.122 0.797 -0.979 -2.883 -4.995 -5.914 -6.234
0.0152 0.01508 10.00432 1.0365829468 2.4802637100    0.830  3.209  3.5074  0.130    7  0.000  0.460   122.65    64.17    40.84    32.68    26.60  1 -1.73e-07      0.00 6.947e-01 2.890e-01 2.279e-03 1.132e-03 6.610e-03 -1.000 1.633e-02 -3.251 3.197 2.402 1.154 -0.787 -2.786 -5.132 -6.058 -6.392
0.0152 0.01508 10.00432 1.0365849733 2.4802641869    0.815  3.315  3.4901 -0.054    7  0.000  0.460   168.93    89.05    55.81    44.91    36.58  1 -2.78e-07      0.00 6.947e-01 2.890e-01 2.279e-03 1.132e-03 6.610e-03 -1.000 1.633e-02 -3.519 3.255 2.982 1.867 -0.389 -2.536 -5.450 -6.395 -6.763
0.0152 0.01508 10.00432 1.0365855694 2.4802641869    0.807  3.316  3.4891 -0.063    7  0.000  0.460   170.63    90.25    56.52    45.50    37.06  1 -2.85e-07      0.00 6.947e-01 2.890e-01 2.279e-03 1.132e-03 6.610e-03 -1.000 1.633e-02 -3.520 3.269 3.015 1.897 -0.366 -2.515 -5.455 -6.400 -6.770
0.0152 0.01508 10.00432 1.0365856886 2.4802641869    0.806  3.301  3.4911 -0.040    7  0.000  0.460   164.69    86.59    54.33    43.71    35.60  1 -2.71e-07      0.00 6.947e-01 2.890e-01 2.279e-03 1.132e-03 6.610e-03 -1.000 1.633e-02 -3.482 3.269 2.967 1.847 -0.392 -2.531 -5.411 -6.355 -6.720
0.0152 0.01508 10.00432 1.0365858078 2.4802641869    0.805  3.304  3.4905 -0.047    7  0.000  0.460   166.32    87.61    54.94    44.21    36.01  1 -2.76e-07      0.00 6.947e-01 2.890e-01 2.279e-03 1.132e-03 6.610e-03 -1.000 1.633e-02 -3.491 3.272 2.989 1.872 -0.376 -2.521 -5.422 -6.366 -6.733
0.0152 0.01508 10.00432 1.0365859270 2.4802644253    0.803  3.322  3.4878 -0.076    7  0.000  0.460   173.97    92.40    57.80    46.55    37.92  1 -2.98e-07      0.00 6.947e-01 2.890e-01 2.279e-03 1.132e-03 6.610e-03 -1.000 1.633e-02 -3.536 3.275 3.045 1.920 -0.350 -2.502 -5.475 -6.421 -6.793
0.0152 0.01508 10.00432 1.0365860462 2.4802644253    0.801  3.342  3.4847 -0.109    7  0.000  0.460   182.87    98.01    61.15    49.30    40.16  1 -3.25e-07      0.00 6.947e-01 2.890e-01 2.279e-03 1.132e-03 6.610e-03 -1.000 1.633e-02 -3.585 3.279 3.101 1.961 -0.326 -2.486 -5.533 -6.482 -6.858
0.0152 0.01508 10.00432 1.0365862846 2.4802644253    0.798  3.364  3.4812 -0.147    7  0.000  0.460   193.58   104.85    65.21    52.63    42.88  1 -3.59e-07      0.00 6.947e-01 2.890e-01 2.279e-03 1.132e-03 6.610e-03 -1.000 1.633e-02 -3.641 3.284 3.167 2.008 -0.297 -2.464 -5.598 -6.551 -6.933
0.0152 0.01508 10.00432 1.0365865231 2.4802644253    0.795  3.383  3.4782 -0.180    7  0.000  0.460   203.26   111.11    68.91    55.68    45.37  1 -3.91e-07      0.01 6.947e-01 2.890e-01 2.279e-03 1.132e-03 6.610e-03 -1.000 1.633e-02 -3.687 3.290 3.218 2.043 -0.277 -2.451 -5.653 -6.607 -6.995
0.0152 0.01508 10.00432 1.0365867615 2.4802644253    0.790  3.403  3.4748 -0.216    7  0.524  0.460   214.39   118.41    73.22    59.23    48.27  0 -4.32e-07      0.01 6.947e-01 2.890e-01 2.279e-03 1.132e-03 6.610e-03 -1.000 1.633e-02 -3.737 3.299 3.271 2.075 -0.259 -2.441 -5.712 -6.668 -7.061
0.0152 0.01508 10.00432 1.0365871191 2.4802646637    0.783  3.422  3.4713 -0.253    7  0.522  0.460   226.34   126.36    77.89    63.09    51.42  0 -4.74e-07      0.01 6.947e-01 2.890e-01 2.279e-03 1.132e-03 6.610e-03 -1.000 1.633e-02 -3.786 3.309 3.328 2.112 -0.236 -2.428 -5.770 -6.728 -7.126
0.0152 0.01508 10.00432 1.0365874767 2.4802646637    0.776  3.436  3.4688 -0.281    7  0.522  0.460   235.48   132.56    81.52    66.09    53.87  0  -5.1e-07      0.01 6.947e-01 2.890e-01 2.279e-03 1.132e-03 6.610e-03 -1.000 1.633e-02 -3.820 3.317 3.368 2.138 -0.220 -2.418 -5.810 -6.770 -7.172
0.0152 0.01508 10.00432 1.0365875959 2.4802646637    0.776  3.436  3.4688 -0.281    8  0.522  0.481   235.49   132.56    81.52    66.10    53.87  0 -5.15e-07      0.01 6.947e-01 2.903e-01 2.390e-03 1.134e-03 6.626e-03 -1.000 1.502e-02 -3.820 3.317 3.368 2.138 -0.220 -2.418 -5.810 -6.770 -7.172
0.0152 0.01508 10.00432 1.0365875959 2.4802646637    0.776  3.162  3.5080  0.149    8  0.522  0.481   116.54    60.92    38.80    31.10    25.30  1 -1.74e-07      0.00 6.947e-01 2.903e-01 2.390e-03 1.134e-03 6.626e-03 -1.000 1.502e-02 -3.136 3.291 2.482 1.232 -0.696 -2.688 -5.014 -5.940 -6.273
0.0152 0.01508 10.00432 1.0365875959 2.4802646637    0.775  3.031  3.5277  0.359    8  0.522  0.481    74.69    41.70    27.01    21.53    17.50  1 -1.02e-07      0.00 6.947e-01 2.903e-01 2.390e-03 1.134e-03 6.626e-03 -1.000 1.503e-02 -2.809 3.220 1.771 0.325 -1.169 -2.869 -4.622 -5.527 -5.820
0.0152 0.01508 10.00432 1.0365877151 2.4802646637    0.775  2.871  3.5518  0.615    8  0.522  0.481    43.36    26.23    17.35    13.74    11.15  2  -5.2e-08      0.00 6.947e-01 2.903e-01 2.390e-03 1.134e-03 6.626e-03 -1.000 1.502e-02 -2.408 3.122 1.236 -0.345 -1.498 -2.767 -4.142 -5.010 -5.261
0.0152 0.01508 10.00432 1.0365877151 2.4802646637    0.774  2.898  3.5477  0.571    8  0.522  0.481    47.56    28.38    18.71    14.83    12.04  1 -5.86e-08      0.00 6.947e-01 2.903e-01 2.390e-03 1.134e-03 6.626e-03 -1.000 1.502e-02 -2.475 3.141 1.305 -0.260 -1.457 -2.799 -4.222 -5.097 -5.354
0.0152 0.01508 10.00432 1.0365878344 2.4802646637    0.772  3.026  3.5282  0.364    8  0.522  0.481    73.74    41.23    26.72    21.30    17.31  1 -1.01e-07      0.00 6.947e-01 2.903e-01 2.390e-03 1.134e-03 6.626e-03 -1.000 1.502e-02 -2.796 3.222 1.757 0.307 -1.176 -2.868 -4.608 -5.511 -5.803
0.0152 0.01508 10.00432 1.0365879536 2.4802646637    0.771  3.184  3.5043  0.110    8  0.522  0.481   126.57    65.31    41.46    33.27    27.07  1 -1.93e-07      0.00 6.947e-01 2.903e-01 2.390e-03 1.134e-03 6.626e-03 -1.000 1.502e-02 -3.191 3.303 2.606 1.390 -0.610 -2.640 -5.081 -6.010 -6.350
0.0152 0.01508 10.00432 1.0365880728 2.4802646637    0.769  3.312  3.4849 -0.097    8  0.522  0.481   176.72    94.80    59.18    47.76    38.89  1 -3.24e-07      0.00 6.947e-01 2.903e-01 2.390e-03 1.134e-03 6.626e-03 -1.000 1.502e-02 -3.511 3.340 3.161 2.024 -0.259 -2.417 -5.457 -6.407 -6.782
0.0152 0.01508 10.00432 1.0365881920 2.4802646637    0.767  3.392  3.4727 -0.226    8  0.522  0.481   215.64   119.77    73.98    59.91    48.82  0 -4.46e-07      0.01 6.947e-01 2.903e-01 2.390e-03 1.134e-03 6.626e-03 -1.000 1.502e-02 -3.710 3.348 3.350 2.146 -0.193 -2.380 -5.690 -6.648 -7.043
0.0152 0.01508 10.00432 1.0365883112 2.4802646637    0.765  3.431  3.4666 -0.291    8  0.523  0.481   237.92   134.47    82.62    67.04    54.64  0 -5.23e-07      0.01 6.947e-01 2.903e-01 2.390e-03 1.134e-03 6.626e-03 -1.000 1.502e-02 -3.807 3.346 3.422 2.187 -0.175 -2.379 -5.803 -6.764 -7.168
0.0152 0.01508 10.00432 1.0365884304 2.4802649021    0.762  3.446  3.4642 -0.317    8  0.523  0.481   237.27    -1.00    -1.00    -1.00    -1.00  0  -5.6e-07      0.01 6.947e-01 2.903e-01 2.390e-03 1.134e-03 6.626e-03 -1.000 1.502e-02 -3.845 3.346 3.449 2.203 -0.168 -2.380 -5.847 -6.809 -7.216
0.0152 0.01508 10.00432 1.0365886688 2.4802649021    0.759  3.451  3.4631 -0.329    8  0.523  0.481   235.62    -1.00    -1.00    -1.00    -1.00  0 -5.78e-07      0.01 6.947e-01 2.903e-01 2.390e-03 1.134e-03 6.626e-03 -1.000 1.502e-02 -3.858 3.353 3.466 2.213 -0.162 -2.377 -5.863 -6.825 -7.234
0.0152 0.01508 10.00432 1.0365886688 2.4802649021    0.759  3.233  3.4961  0.022    8  0.523  0.481   146.40    76.21    48.03    38.65    31.46  1 -2.46e-07      0.00 6.947e-01 2.903e-01 2.390e-03 1.134e-03 6.626e-03 -1.000 1.502e-02 -3.311 3.339 2.892 1.743 -0.410 -2.514 -5.225 -6.163 -6.519
0.0152 0.01508 10.00432 1.0365886688 2.4802649021    0.758  3.050  3.5237  0.315    8  0.523  0.481    81.68    44.89    28.97    23.14    18.81  1 -1.17e-07      0.00 6.947e-01 2.903e-01 2.390e-03 1.134e-03 6.626e-03 -1.000 1.502e-02 -2.854 3.257 1.921 0.506 -1.067 -2.832 -4.681 -5.590 -5.891
0.0152 0.01508 10.00432 1.0365887880 2.4802649021    0.757  2.889  3.5478  0.571    8  0.523  0.481    47.36    28.23    18.60    14.76    11.98  1 -6.02e-08      0.00 6.947e-01 2.903e-01 2.390e-03 1.134e-03 6.626e-03 -1.000 1.502e-02 -2.454 3.161 1.322 -0.243 -1.440 -2.779 -4.200 -5.075 -5.332
0.0152 0.01508 10.00432 1.0365887880 2.4802649021    0.756  2.916  3.5437  0.528    8  0.523  0.481    51.92    30.53    20.04    15.92    12.93  1 -6.77e-08      0.00 6.947e-01 2.903e-01 2.390e-03 1.134e-03 6.626e-03 -1.000 1.502e-02 -2.520 3.180 1.399 -0.147 -1.393 -2.805 -4.279 -5.161 -5.425
0.0152 0.01508 10.00432 1.0365889072 2.4802649021    0.755  3.044  3.5244  0.322    8  0.523  0.481    80.34    44.25    28.57    22.82    18.54  1 -1.16e-07      0.00 6.947e-01 2.903e-01 2.390e-03 1.134e-03 6.626e-03 -1.000 1.502e-02 -2.839 3.257 1.898 0.477 -1.080 -2.833 -4.663 -5.571 -5.871
0.0152 0.01508 10.00432 1.0365890265 2.4802649021    0.753  3.201  3.5007  0.069    8  0.523  0.481   135.81    69.89    44.21    35.54    28.92  1 -2.21e-07      0.00 6.947e-01 2.903e-01 2.390e-03 1.134e-03 6.626e-03 -1.000 1.503e-02 -3.231 3.335 2.753 1.572 -0.503 -2.572 -5.132 -6.065 -6.412
0.0152 0.01508 10.00432 1.0365891457 2.4802649021    0.751  3.327  3.4814 -0.136    8  0.523  0.481   186.23   101.21    62.95    50.90    41.45  1 -3.69e-07      0.01 6.947e-01 2.903e-01 2.390e-03 1.134e-03 6.626e-03 -1.000 1.503e-02 -3.549 3.366 3.246 2.090 -0.212 -2.378 -5.505 -6.458 -6.840
0.0152 0.01508 10.00432 1.0365893841 2.4802649021    0.748  3.407  3.4693 -0.265    8  0.523  0.481   226.91   127.62    78.56    63.74    51.94  0 -5.07e-07      0.01 6.947e-01 2.903e-01 2.390e-03 1.134e-03 6.626e-03 -1.000 1.502e-02 -3.746 3.374 3.418 2.193 -0.160 -2.357 -5.735 -6.695 -7.096
0.0152 0.01508 10.00432 1.0365895033 2.4802649021    0.746  3.445  3.4634 -0.329    8  0.523  0.481   228.15    -1.00    -1.00    -1.00    -1.00  0 -5.95e-07      0.01 6.947e-01 2.903e-01 2.390e-03 1.134e-03 6.626e-03 -1.000 1.502e-02 -3.842 3.373 3.481 2.228 -0.148 -2.363 -5.846 -6.808 -7.217
0.0152 0.01508 10.00432 1.0365897417 2.4802651405    0.742  3.459  3.4611 -0.354    8  0.524  0.481   226.43    -1.00    -1.00    -1.00    -1.00  0 -6.37e-07      0.01 6.947e-01 2.903e-01 2.390e-03 1.134e-03 6.626e-03 -1.000 1.502e-02 -3.879 3.383 3.515 2.247 -0.139 -2.362 -5.887 -6.852 -7.265
0.0152 0.01508 10.00432 1.0365899801 2.4802651405    0.739  3.465  3.4601 -0.365    8  0.524  0.481   224.53    -1.00    -1.00    -1.00    -1.00  0 -6.59e-07      0.01 6.947e-01 2.903e-01 2.390e-03 1.134e-03 6.626e-03 -1.000 1.502e-02 -3.891 3.392 3.532 2.257 -0.133 -2.360 -5.902 -6.867 -7.282
0.0152 0.01508 10.00432 1.0365899801 2.4802651405    0.739  3.249  3.4928 -0.019    8  0.524  0.481   154.42    81.49    51.17    41.26    33.58  1 -2.84e-07      0.00 6.947e-01 2.903e-01 2.390e-03 1.134e-03 6.626e-03 -1.000 1.502e-02 -3.351 3.369 3.016 1.886 -0.324 -2.452 -5.274 -6.217 -6.579
0.0152 0.01508 10.00432 1.0365899801 2.4802651405    0.738  3.066  3.5204  0.274    8  0.524  0.481    88.73    48.02    30.88    24.71    20.08  1 -1.36e-07      0.00 6.947e-01 2.903e-01 2.390e-03 1.134e-03 6.626e-03 -1.000 1.502e-02 -2.896 3.289 2.043 0.651 -0.987 -2.806 -4.733 -5.646 -5.954
0.0152 0.01508 10.00432 1.0365900993 2.4802651405    0.737  2.906  3.5447  0.530    8  0.524  0.481    51.35    30.18    19.81    15.75    12.78  1 -7.02e-08      0.00 6.947e-01 2.903e-01 2.390e-03 1.134e-03 6.626e-03 -1.000 1.502e-02 -2.495 3.192 1.393 -0.159 -1.393 -2.789 -4.251 -5.131 -5.394
0.0152 0.01508 10.00432 1.0365900993 2.4802651405    0.736  2.932  3.5407  0.487    8  0.524  0.481    56.29    32.62    21.34    16.98    13.79  1  -7.9e-08      0.00 6.947e-01 2.903e-01 2.390e-03 1.134e-03 6.626e-03 -1.000 1.502e-02 -2.561 3.210 1.471 -0.062 -1.346 -2.815 -4.330 -5.217 -5.486
0.0152 0.01508 10.00432 1.0365902185 2.4802651405    0.734  3.059  3.5214  0.282    8  0.524  0.481    87.00    47.19    30.37    24.30    19.75  1 -1.35e-07      0.00 6.947e-01 2.903e-01 2.390e-03 1.134e-03 6.626e-03 -1.000 1.502e-02 -2.877 3.288 2.012 0.611 -1.007 -2.809 -4.712 -5.623 -5.929
0.0152 0.01508 10.00432 1.0365903378 2.4802651405    0.732  3.215  3.4977  0.030    8  0.524  0.481   142.61    74.37    46.88    37.77    30.73  1 -2.56e-07      0.00 6.947e-01 2.903e-01 2.390e-03 1.134e-03 6.626e-03 -1.000 1.502e-02 -3.267 3.364 2.868 1.706 -0.423 -2.516 -5.176 -6.112 -6.466
0.0152 0.01508 10.00432 1.0365904570 2.4802651405    0.729  3.341  3.4786 -0.174    8  0.524  0.481   195.30   107.50    66.64    53.99    43.96  0 -4.25e-07      0.01 6.947e-01 2.903e-01 2.390e-03 1.134e-03 6.626e-03 -1.000 1.502e-02 -3.582 3.395 3.316 2.141 -0.179 -2.351 -5.546 -6.500 -6.888
0.0152 0.01508 10.00432 1.0365906954 2.4802651405    0.726  3.419  3.4666 -0.302    8  0.524  0.481   217.40    -1.00    -1.00    -1.00    -1.00  0 -5.84e-07      0.01 6.947e-01 2.903e-01 2.390e-03 1.134e-03 6.626e-03 -1.000 1.502e-02 -3.778 3.398 3.470 2.230 -0.137 -2.343 -5.773 -6.734 -7.139
0.0152 0.01508 10.00432 1.0365908146 2.4802653790    0.722  3.457  3.4607 -0.365    8  0.524  0.481   215.53    -1.00    -1.00    -1.00    -1.00  0 -6.86e-07      0.02 6.947e-01 2.903e-01 2.390e-03 1.134e-03 6.626e-03 -1.000 1.502e-02 -3.873 3.415 3.546 2.270 -0.121 -2.347 -5.881 -6.846 -7.261
0.0152 0.01508 10.00432 1.0365910530 2.4802653790    0.719  3.471  3.4585 -0.391    8  0.525  0.481   213.46    -1.00    -1.00    -1.00    -1.00  0 -7.36e-07      0.02 6.947e-01 2.903e-01 2.390e-03 1.134e-03 6.626e-03 -1.000 1.502e-02 -3.908 3.426 3.576 2.291 -0.113 -2.349 -5.921 -6.887 -7.306
0.0152 0.01508 10.00432 1.0365912914 2.4802653790    0.714  3.476  3.4577 -0.401    8  0.525  0.481   211.19    -1.00    -1.00    -1.00    -1.00  0 -7.63e-07      0.02 6.947e-01 2.903e-01 2.390e-03 1.134e-03 6.626e-03 -1.000 1.502e-02 -3.920 3.434 3.591 2.303 -0.109 -2.349 -5.935 -6.901 -7.322
0.0152 0.01508 10.00432 1.0365912914 2.4802653790    0.714  3.263  3.4902 -0.059    8  0.525  0.481   162.35    86.89    54.36    43.93    35.75  1 -3.34e-07      0.00 6.947e-01 2.903e-01 2.390e-03 1.134e-03 6.626e-03 -1.000 1.502e-02 -3.389 3.396 3.120 2.002 -0.256 -2.404 -5.319 -6.265 -6.633
0.0152 0.01508 10.00432 1.0365912914 2.4802653790    0.713  3.082  3.5179  0.233    8  0.525  0.481    96.13    51.19    32.80    26.30    21.37  1 -1.62e-07      0.00 6.947e-01 2.903e-01 2.390e-03 1.134e-03 6.626e-03 -1.000 1.502e-02 -2.934 3.314 2.149 0.780 -0.918 -2.775 -4.780 -5.695 -6.008
0.0152 0.01508 10.00432 1.0365914106 2.4802653790    0.712  2.921  3.5425  0.491    8  0.525  0.481    55.45    32.11    21.01    16.73    13.58  1 -8.36e-08      0.00 6.947e-01 2.903e-01 2.390e-03 1.134e-03 6.626e-03 -1.000 1.502e-02 -2.533 3.213 1.439 -0.107 -1.369 -2.805 -4.297 -5.180 -5.447
0.0152 0.01508 10.00432 1.0365915298 2.4802653790    0.710  2.947  3.5385  0.448    8  0.525  0.481    60.78    34.69    22.62    18.04    14.64  1  -9.4e-08      0.00 6.947e-01 2.903e-01 2.390e-03 1.134e-03 6.626e-03 -1.000 1.502e-02 -2.598 3.232 1.527 0.002 -1.315 -2.825 -4.376 -5.265 -5.539
0.0152 0.01508 10.00432 1.0365915298 2.4802653790    0.708  3.073  3.5193  0.244    8  0.525  0.481    93.85    50.11    32.13    25.77    20.94  1  -1.6e-07      0.00 6.947e-01 2.903e-01 2.390e-03 1.134e-03 6.626e-03 -1.000 1.502e-02 -2.913 3.312 2.096 0.710 -0.956 -2.794 -4.755 -5.667 -5.979
0.0152 0.01508 10.00432 1.0365917683 2.4802653790    0.705  3.228  3.4956 -0.007    8  0.525  0.481   149.09    78.81    49.51    39.97    32.52  1 -3.02e-07      0.00 6.947e-01 2.903e-01 2.390e-03 1.134e-03 6.626e-03 -1.000 1.503e-02 -3.299 3.390 2.953 1.800 -0.369 -2.479 -5.214 -6.153 -6.511
0.0152 0.01508 10.00432 1.0365918875 2.4802653790    0.702  3.353  3.4765 -0.210    8  0.525  0.481   203.95   113.71    70.26    57.04    46.44  0    -5e-07      0.01 6.947e-01 2.903e-01 2.390e-03 1.134e-03 6.626e-03 -1.000 1.502e-02 -3.612 3.422 3.367 2.175 -0.158 -2.338 -5.580 -6.536 -6.928
0.0152 0.01508 10.00432 1.0365920067 2.4802653790    0.699  3.430  3.4646 -0.338    8  0.525  0.481   202.86    -1.00    -1.00    -1.00    -1.00  0 -6.86e-07      0.02 6.947e-01 2.903e-01 2.390e-03 1.134e-03 6.626e-03 -1.000 1.502e-02 -3.806 3.438 3.524 2.264 -0.117 -2.332 -5.804 -6.767 -7.177
0.0152 0.01508 10.00432 1.0365922451 2.4802656174    0.694  3.468  3.4589 -0.401    8  0.526  0.481   200.68    -1.00    -1.00    -1.00    -1.00  0 -8.08e-07      0.02 6.947e-01 2.903e-01 2.390e-03 1.134e-03 6.626e-03 -1.000 1.502e-02 -3.899 3.460 3.601 2.308 -0.100 -2.337 -5.910 -6.877 -7.298
0.0152 0.01508 10.00432 1.0365924835 2.4802656174    0.690  3.481  3.4569 -0.425    8  0.526  0.481   198.28    -1.00    -1.00    -1.00    -1.00  0  -8.7e-07      0.02 6.947e-01 2.903e-01 2.390e-03 1.134e-03 6.626e-03 -1.000 1.502e-02 -3.934 3.473 3.629 2.330 -0.094 -2.342 -5.948 -6.915 -7.340
0.0152 0.01508 10.00432 1.0365927219 2.4802656174    0.685  3.486  3.4563 -0.435    8  0.526  0.481   195.65    -1.00    -1.00    -1.00    -1.00  0 -9.06e-07      0.03 6.947e-01 2.903e-01 2.390e-03 1.134e-03 6.626e-03 -1.000 1.502e-02 -3.945 3.486 3.643 2.339 -0.091 -2.342 -5.959 -6.927 -7.354
0.0152 0.01508 10.00432 1.0365927219 2.4802656174    0.684  3.277  3.4886 -0.097    8  0.526  0.481   169.74    92.12    57.43    46.53    37.85  0 -4.04e-07      0.01 6.947e-01 2.903e-01 2.390e-03 1.134e-03 6.626e-03 -1.000 1.502e-02 -3.423 3.419 3.167 2.036 -0.241 -2.396 -5.358 -6.304 -6.677
0.0152 0.01508 10.00432 1.0365927219 2.4802656174    0.684  3.096  3.5167  0.196    8  0.526  0.481   103.53    54.20    34.60    27.82    22.60  1 -1.97e-07      0.00 6.947e-01 2.903e-01 2.390e-03 1.134e-03 6.626e-03 -1.000 1.502e-02 -2.970 3.327 2.195 0.832 -0.898 -2.775 -4.820 -5.735 -6.053
0.0152 0.01508 10.00432 1.0365928411 2.4802656174    0.682  2.936  3.5417  0.455    8  0.526  0.481    59.43    33.90    22.10    17.65    14.32  1 -1.02e-07      0.00 6.947e-01 2.903e-01 2.390e-03 1.134e-03 6.626e-03 -1.000 1.502e-02 -2.569 3.217 1.442 -0.108 -1.383 -2.834 -4.336 -5.219 -5.488
0.0152 0.01508 10.00432 1.0365929604 2.4802656174    0.680  2.962  3.5378  0.412    8  0.526  0.481    65.12    36.61    23.79    19.02    15.44  1 -1.15e-07      0.00 6.947e-01 2.903e-01 2.390e-03 1.134e-03 6.626e-03 -1.000 1.502e-02 -2.634 3.235 1.531 0.003 -1.329 -2.852 -4.414 -5.303 -5.579
0.0152 0.01508 10.00432 1.0365930796 2.4802656174    0.677  3.086  3.5186  0.209    8  0.526  0.481   100.53    52.81    33.75    27.13    22.04  1 -1.95e-07      0.00 6.947e-01 2.903e-01 2.390e-03 1.134e-03 6.626e-03 -1.000 1.502e-02 -2.946 3.319 2.115 0.728 -0.958 -2.808 -4.791 -5.702 -6.017
0.0152 0.01508 10.00432 1.0365931988 2.4802656174    0.674  3.240  3.4950 -0.041    8  0.526  0.481   154.71    82.88    51.89    42.00    34.16  1 -3.67e-07      0.01 6.947e-01 2.903e-01 2.390e-03 1.134e-03 6.626e-03 -1.000 1.502e-02 -3.330 3.406 2.981 1.824 -0.364 -2.482 -5.245 -6.185 -6.546
0.0152 0.01508 10.00432 1.0365933180 2.4802658558    0.670  3.364  3.4760 -0.244    8  0.527  0.481   188.17    -1.00    -1.00    -1.00    -1.00  0 -6.07e-07      0.01 6.947e-01 2.903e-01 2.390e-03 1.134e-03 6.626e-03 -1.000 1.502e-02 -3.639 3.452 3.396 2.188 -0.158 -2.344 -5.607 -6.564 -6.960
0.0152 0.01508 10.00432 1.0365935564 2.4802658558    0.666  3.441  3.4643 -0.370    8  0.527  0.481   185.92    -1.00    -1.00    -1.00    -1.00  0 -8.36e-07      0.02 6.947e-01 2.903e-01 2.390e-03 1.134e-03 6.626e-03 -1.000 1.502e-02 -3.832 3.483 3.559 2.279 -0.116 -2.337 -5.827 -6.792 -7.208
0.0152 0.01508 10.00432 1.0365937948 2.4802658558    0.661  3.478  3.4589 -0.432    8  0.527  0.481   183.40    -1.00    -1.00    -1.00    -1.00  0 -9.88e-07      0.03 6.947e-01 2.903e-01 2.390e-03 1.134e-03 6.626e-03 -1.000 1.502e-02 -3.925 3.526 3.646 2.330 -0.095 -2.339 -5.928 -6.899 -7.326
0.0152 0.01508 10.00432 1.0365940332 2.4802658558    0.655  3.491  3.4573 -0.456    8  0.527  0.481   180.62    -1.00    -1.00    -1.00    -1.00  0 -1.07e-06      0.04 6.947e-01 2.903e-01 2.390e-03 1.134e-03 6.626e-03 -1.000 1.502e-02 -3.959 3.544 3.671 2.347 -0.093 -2.346 -5.964 -6.935 -7.367
0.0152 0.01508 10.00432 1.0365942717 2.4802658558    0.649  3.496  3.4573 -0.465    8  0.527  0.481   177.60    -1.00    -1.00    -1.00    -1.00  0 -1.13e-06      0.04 6.947e-01 2.903e-01 2.390e-03 1.134e-03 6.626e-03 -1.000 1.502e-02 -3.970 3.557 3.678 2.348 -0.096 -2.351 -5.973 -6.946 -7.379
0.0152 0.01508 10.00432 1.0365972519 2.4802665710    0.530 -9.999  4.0000  1.858    9  0.530  0.000     0.00     0.00     0.00     0.00     0.00 -1    -1e-30      0.00 6.947e-01 2.903e-01 2.390e-03 1.134e-03 6.626e-03 -1.000 1.502e-02 29.767 29.720 29.983 30.032 30.020 30.018 30.066 30.065 30.082
#isochrone terminated
