# File generated by CMD 3.6 (http://stev.oapd.inaf.it/cmd) on Sun Dec 12 13:46:57 CET 2021
# isochrones based on PARSEC release v1.2S +  COLIBRI S_37 + S_35 + PR16
# Basic references: Bressan et al. (2012), MNRAS, 427, 127 + Chen et al. (2014, 2015), MNRAS, 444, 2525 + MNRAS, 452, 1068 + Tang et al. (2014), MNRAS, 445, 4287 + Marigo et al. (2017), ApJ, 835, 77 + Pastorelli al. (2019), MNRAS, 485, 5666 + Pastorelli al. (2020), MNRAS, in press
# Thermal pulse cycles included 
# On RGB, assumed Reimers mass loss with efficiency eta=0.2
# LPV periods and growth rates added cf. Trabucchi et al. (2019)
# but fundamental-mode LPV periods are from Trabucchi et al. (2021)
# Photometric system: <i>UBVRIJHK</i> (cf. Maiz-Apellaniz 2006 + Bessell 1990)
# Using YBC version of bolometric corrections as in Chen et al. (2019)
# O-rich circumstellar dpmod60alox40 dust from Groenewegen (2006)
# C-rich circumstellar AMCSIC15 dust from Groenewegen (2006)
# IMF: Kroupa (2001, 2002) + Kroupa et al. (2013) canonical two-part-power law IMF corrected for unresolved binaries 
# Kind of output: isochrone tables
Zini     MH   logAge Mini        int_IMF         Mass   logL    logTe  logg  label   McoreTP C_O  period0  period1  period2  period3  period4  pmode  Mloss  tau1m   X   Y   Xc  Xn  Xo  Cexcess  Z 	 mbolmag  Umag    Bmag    Vmag    Rmag    Imag    Jmag    Hmag    Kmag
0.0152 0.01508 10.01284 0.0900000036 1.0816895962    0.090 -3.423  3.3625  5.217    1  0.000  0.545     0.00     0.00     0.00     0.00     0.00 -1  -3.9e-17      0.00 7.080e-01 2.768e-01 2.746e-03 7.408e-04 6.719e-03 -1.000 1.527e-02 13.327 22.603 19.980 18.143 15.989 13.739 11.236 10.622 10.332
0.0152 0.01508 10.01284 0.1000000015 1.1711064577    0.100 -3.240  3.3884  5.184    1  0.000  0.545     0.00     0.00     0.00     0.00     0.00 -1 -1.36e-17      0.00 7.076e-01 2.772e-01 2.746e-03 7.408e-04 6.719e-03 -1.000 1.527e-02 12.871 22.084 19.497 17.669 15.527 13.283 10.781 10.168 9.875
0.0152 0.01508 10.01284 0.1200000122 1.3193155527    0.120 -2.975  3.4232  5.137    1  0.000  0.545     0.00     0.00     0.00     0.00     0.00 -1 -1.04e-16      0.00 7.067e-01 2.781e-01 2.746e-03 7.408e-04 6.719e-03 -1.000 1.527e-02 12.208 21.002 18.568 16.774 14.722 12.537 10.134 9.521 9.222
0.0152 0.01508 10.01284 0.1400000006 1.4384527206    0.140 -2.792  3.4435  5.102    1  0.000  0.545     0.00     0.00     0.00     0.00     0.00 -1 -1.53e-16      0.00 7.059e-01 2.788e-01 2.746e-03 7.408e-04 6.719e-03 -1.000 1.527e-02 11.749 19.456 17.351 15.645 13.831 11.816 9.723 9.107 8.807
0.0152 0.01508 10.01284 0.1599999964 1.5372931957    0.160 -2.650  3.4571  5.072    1  0.000  0.545     0.00     0.00     0.00     0.00     0.00 -1 -2.05e-16      0.00 7.052e-01 2.796e-01 2.746e-03 7.408e-04 6.719e-03 -1.000 1.527e-02 11.395 18.448 16.531 14.873 13.205 11.312 9.402 8.784 8.487
0.0152 0.01508 10.01284 0.2000000030 1.6938791275    0.200 -2.430  3.4759  5.025    1  0.000  0.545     0.00     0.00     0.00     0.00     0.00 -1 -3.21e-16      0.00 7.040e-01 2.807e-01 2.746e-03 7.408e-04 6.719e-03 -1.000 1.527e-02 10.845 17.104 15.403 13.804 12.319 10.592 8.897 8.278 7.990
0.0152 0.01508 10.01284 0.2500000000 1.8403258324    0.250 -2.217  3.4921  4.973    1  0.000  0.545     0.00     0.00     0.00     0.00     0.00 -1 -2.53e-17      0.00 7.031e-01 2.816e-01 2.746e-03 7.408e-04 6.719e-03 -1.000 1.527e-02 10.312 15.984 14.431 12.868 11.515 9.941 8.405 7.783 7.505
0.0152 0.01508 10.01284 0.3000000119 1.9529139996    0.300 -2.051  3.5027  4.929    1  0.000  0.545     0.00     0.00     0.00     0.00     0.00 -1 -6.83e-18      0.00 7.029e-01 2.818e-01 2.746e-03 7.408e-04 6.719e-03 -1.000 1.527e-02 9.899 15.249 13.773 12.244 10.962 9.469 8.016 7.391 7.122
0.0152 0.01508 10.01284 0.3500000238 2.0434176922    0.350 -1.904  3.5114  4.884    1  0.000  0.545     0.00     0.00     0.00     0.00     0.00 -1 -2.13e-16      0.00 7.089e-01 2.759e-01 2.746e-03 7.408e-04 6.719e-03 -1.000 1.527e-02 9.531 14.642 13.220 11.718 10.489 9.060 7.668 7.039 6.778
0.0152 0.01508 10.01284 0.3505809605 2.0443687439    0.351 -1.902  3.5115  4.884    1  0.000  0.545     0.00     0.00     0.00     0.00     0.00 -1 -2.17e-16      0.00 7.089e-01 2.759e-01 2.746e-03 7.408e-04 6.719e-03 -1.000 1.527e-02 9.526 14.634 13.213 11.711 10.483 9.055 7.664 7.035 6.774
0.0152 0.01508 10.01284 0.4000000358 2.1185026169    0.400 -1.760  3.5226  4.842    1  0.000  0.545     0.00     0.00     0.00     0.00     0.00 -1 -1.31e-15      0.00 7.091e-01 2.756e-01 2.746e-03 7.408e-04 6.719e-03 -1.000 1.527e-02 9.170 14.025 12.649 11.174 10.003 8.653 7.334 6.698 6.446
0.0152 0.01508 10.01284 0.4500000477 2.1822810173    0.450 -1.609  3.5350  4.792    1  0.000  0.545     0.00     0.00     0.00     0.00     0.00 -1 -1.85e-15      0.00 7.092e-01 2.756e-01 2.746e-03 7.408e-04 6.719e-03 -1.000 1.527e-02 8.794 13.413 12.066 10.620 9.505 8.235 6.989 6.344 6.102
0.0152 0.01508 10.01284 0.5000000000 2.2374541759    0.500 -1.450  3.5505  4.741    1  0.000  0.545     0.00     0.00     0.00     0.00     0.00 -1 -2.69e-15      0.00 7.092e-01 2.755e-01 2.746e-03 7.408e-04 6.719e-03 -1.000 1.527e-02 8.396 12.779 11.443 10.024 8.966 7.794 6.630 5.973 5.743
0.0152 0.01508 10.01284 0.5500000119 2.2836582661    0.550 -1.271  3.5708  4.685    1  0.000  0.545     0.00     0.00     0.00     0.00     0.00 -1 -4.12e-15      0.00 7.325e-01 2.533e-01 2.539e-03 6.853e-04 6.217e-03 -1.000 1.414e-02 7.948 12.085 10.730 9.330 8.335 7.303 6.239 5.566 5.355
0.0152 0.01508 10.01284 0.5884898901 2.3131444454    0.588 -1.135  3.5905  4.656    1  0.000  0.544     0.00     0.00     0.00     0.00     0.00 -1 -5.64e-15      0.00 7.352e-01 2.508e-01 2.517e-03 6.795e-04 6.165e-03 -1.000 1.404e-02 7.608 11.537 10.156 8.781 7.834 6.934 5.951 5.262 5.077
0.0152 0.01508 10.01284 0.6000000238 2.3211214542    0.600 -1.096  3.5961  4.648    1  0.000  0.544     0.00     0.00     0.00     0.00     0.00 -1 -6.16e-15      0.00 7.360e-01 2.500e-01 2.511e-03 6.778e-04 6.150e-03 -1.000 1.401e-02 7.510 11.387 9.996 8.632 7.698 6.831 5.867 5.174 4.999
0.0152 0.01508 10.01284 0.6499999762 2.3520355225    0.650 -0.916  3.6271  4.627    1  0.000  0.544     0.00     0.00     0.00     0.00     0.00 -1 -9.19e-15      0.00 7.391e-01 2.470e-01 2.485e-03 6.710e-04 6.090e-03 -1.000 1.386e-02 7.060 10.608 9.179 7.908 7.050 6.354 5.488 4.800 4.672
0.0152 0.01508 10.01284 0.7000000477 2.3779268265    0.700 -0.740  3.6584  4.609    1  0.000  0.544     0.00     0.00     0.00     0.00     0.00 -1 -1.36e-14      0.00 7.421e-01 2.441e-01 2.461e-03 6.646e-04 6.032e-03 -1.000 1.374e-02 6.619 9.575 8.318 7.191 6.438 5.894 5.134 4.504 4.411
0.0152 0.01508 10.01284 0.7122254372 2.3836247921    0.712 -0.697  3.6659  4.603    1  0.000  0.542     0.00     0.00     0.00     0.00     0.00 -1 -1.49e-14      0.00 7.430e-01 2.434e-01 2.446e-03 6.625e-04 6.016e-03 -1.000 1.369e-02 6.513 9.297 8.114 7.025 6.302 5.783 5.049 4.442 4.355
0.0152 0.01508 10.01284 0.7345969677 2.3934893608    0.735 -0.620  3.6791  4.592    1  0.000  0.539     0.00     0.00     0.00     0.00     0.00 -1 -1.78e-14      0.00 7.445e-01 2.419e-01 2.419e-03 6.588e-04 5.986e-03 -1.000 1.362e-02 6.319 8.790 7.756 6.732 6.064 5.581 4.896 4.335 4.254
0.0152 0.01508 10.01284 0.7500000000 2.3998889923    0.750 -0.567  3.6880  4.584    1  0.000  0.536     0.00     0.00     0.00     0.00     0.00 -1 -2.01e-14      0.00 7.455e-01 2.410e-01 2.400e-03 6.562e-04 5.966e-03 -1.000 1.352e-02 6.187 8.475 7.527 6.544 5.909 5.447 4.792 4.257 4.181
0.0152 0.01508 10.01284 0.7521880865 2.4007737637    0.752 -0.559  3.6891  4.582    1  0.000  0.536     0.00     0.00     0.00     0.00     0.00 -1 -2.04e-14      0.00 7.457e-01 2.408e-01 2.399e-03 6.558e-04 5.962e-03 -1.000 1.351e-02 6.169 8.435 7.498 6.519 5.888 5.428 4.777 4.245 4.169
0.0152 0.01508 10.01284 0.7713282704 2.4082672596    0.771 -0.495  3.6982  4.565    1  0.000  0.536     0.00     0.00     0.00     0.00     0.00 -1 -2.38e-14      0.00 7.475e-01 2.391e-01 2.384e-03 6.519e-04 5.927e-03 -1.000 1.347e-02 6.009 8.082 7.243 6.306 5.709 5.269 4.648 4.144 4.073
0.0152 0.01508 10.01284 0.7887861729 2.4147386551    0.788 -0.437  3.7064  4.550    1  0.000  0.536     0.00     0.00     0.00     0.00     0.00 -1 -2.74e-14      0.00 7.491e-01 2.375e-01 2.371e-03 6.484e-04 5.896e-03 -1.000 1.339e-02 5.863 7.775 7.021 6.117 5.549 5.125 4.531 4.051 3.983
0.0152 0.01508 10.01284 0.8000000119 2.4187245369    0.800 -0.400  3.7115  4.539    1  0.000  0.536     0.00     0.00     0.00     0.00     0.00 -1    -3e-14      0.00 7.501e-01 2.366e-01 2.363e-03 6.462e-04 5.876e-03 -1.000 1.335e-02 5.769 7.583 6.882 5.998 5.447 5.032 4.456 3.991 3.925
0.0152 0.01508 10.01284 0.8052098751 2.4205329418    0.805 -0.382  3.7138  4.533    1  0.000  0.536     0.00     0.00     0.00     0.00     0.00 -1 -3.14e-14      0.00 7.506e-01 2.361e-01 2.358e-03 6.450e-04 5.865e-03 -1.000 1.332e-02 5.725 7.496 6.818 5.944 5.400 4.990 4.420 3.962 3.897
0.0152 0.01508 10.01284 0.8221698999 2.4262380600    0.822 -0.325  3.7211  4.514    1  0.000  0.536     0.00     0.00     0.00     0.00     0.00 -1 -3.62e-14      0.00 7.524e-01 2.343e-01 2.344e-03 6.410e-04 5.830e-03 -1.000 1.328e-02 5.582 7.217 6.613 5.769 5.248 4.850 4.304 3.865 3.803
0.0152 0.01508 10.01284 0.8373850584 2.4311306477    0.837 -0.273  3.7274  4.495    1  0.000  0.536     0.00     0.00     0.00     0.00     0.00 -1 -4.13e-14      0.00 7.540e-01 2.327e-01 2.330e-03 6.375e-04 5.798e-03 -1.000 1.320e-02 5.452 6.978 6.436 5.615 5.112 4.724 4.198 3.776 3.716
0.0152 0.01508 10.01284 0.8500000238 2.4350347519    0.849 -0.230  3.7325  4.478    1  0.000  0.536     0.00     0.00     0.00     0.00     0.00 -1 -4.62e-14      0.00 7.554e-01 2.315e-01 2.320e-03 6.345e-04 5.772e-03 -1.000 1.316e-02 5.344 6.784 6.290 5.488 5.000 4.620 4.109 3.701 3.643
0.0152 0.01508 10.01284 0.8603495359 2.4381396770    0.860 -0.193  3.7363  4.463    1  0.000  0.536     0.00     0.00     0.00     0.00     0.00 -1 -5.07e-14      0.00 7.567e-01 2.302e-01 2.309e-03 6.316e-04 5.746e-03 -1.000 1.311e-02 5.254 6.628 6.169 5.384 4.907 4.534 4.035 3.636 3.580
0.0152 0.01508 10.01284 0.8757855892 2.4426140785    0.875 -0.139  3.7418  4.438    1  0.000  0.536     0.00     0.00     0.00     0.00     0.00 -1 -5.87e-14      0.00 7.587e-01 2.283e-01 2.293e-03 6.272e-04 5.707e-03 -1.000 1.295e-02 5.117 6.397 5.991 5.229 4.767 4.404 3.921 3.536 3.483
0.0152 0.01508 10.01284 0.8900068998 2.4465787411    0.889 -0.087  3.7466  4.412    1  0.000  0.536     0.00     0.00     0.00     0.00     0.00 -1 -6.75e-14      0.00 7.605e-01 2.266e-01 2.278e-03 6.233e-04 5.671e-03 -1.000 1.287e-02 4.988 6.184 5.828 5.086 4.639 4.283 3.814 3.439 3.389
0.0152 0.01508 10.01284 0.9000000358 2.4492788315    0.899 -0.050  3.7497  4.393    1  0.000  0.535     0.00     0.00     0.00     0.00     0.00 -1 -7.48e-14      0.00 7.618e-01 2.254e-01 2.268e-03 6.206e-04 5.647e-03 -1.000 1.285e-02 4.895 6.037 5.714 4.985 4.547 4.196 3.735 3.368 3.319
0.0152 0.01508 10.01284 0.9056077003 2.4507639408    0.905 -0.029  3.7513  4.381    1  0.000  0.535     0.00     0.00     0.00     0.00     0.00 -1 -7.93e-14      0.00 7.626e-01 2.245e-01 2.260e-03 6.187e-04 5.630e-03 -1.000 1.283e-02 4.843 5.959 5.651 4.928 4.495 4.146 3.691 3.327 3.279
0.0152 0.01508 10.01284 0.9225825667 2.4551329613    0.921  0.035  3.7556  4.342    1  0.000  0.535     0.00     0.00     0.00     0.00     0.00 -1 -9.52e-14      0.00 7.652e-01 2.221e-01 2.240e-03 6.131e-04 5.580e-03 -1.000 1.271e-02 4.682 5.731 5.462 4.757 4.336 3.994 3.549 3.196 3.149
0.0152 0.01508 10.01284 0.9379249215 2.4589259624    0.937  0.093  3.7586  4.303    1  0.000  0.535     0.00     0.00     0.00     0.00     0.00 -1 -1.13e-13      0.00 7.672e-01 2.203e-01 2.224e-03 6.090e-04 5.543e-03 -1.000 1.258e-02 4.537 5.539 5.297 4.605 4.192 3.854 3.418 3.071 3.026
0.0152 0.01508 10.01284 0.9500000477 2.4618122578    0.949  0.142  3.7606  4.267    1  0.000  0.535     0.00     0.00     0.00     0.00     0.00 -1 -1.31e-13      0.00 7.671e-01 2.203e-01 2.226e-03 6.093e-04 5.546e-03 -1.000 1.260e-02 4.415 5.386 5.161 4.478 4.070 3.736 3.305 2.963 2.919
0.0152 0.01508 10.01284 0.9500430226 2.4618225098    0.949  0.142  3.7606  4.267    1  0.000  0.535     0.00     0.00     0.00     0.00     0.00 -1 -1.31e-13      0.00 7.671e-01 2.203e-01 2.226e-03 6.093e-04 5.546e-03 -1.000 1.260e-02 4.415 5.385 5.160 4.477 4.070 3.736 3.305 2.963 2.918
0.0152 0.01508 10.01284 0.9517368674 2.4622206688    0.951  0.149  3.7608  4.262    1  0.000  0.535     0.00     0.00     0.00     0.00     0.00 -1 -1.34e-13      0.00 7.670e-01 2.204e-01 2.226e-03 6.094e-04 5.548e-03 -1.000 1.260e-02 4.397 5.364 5.140 4.459 4.052 3.718 3.288 2.946 2.902
0.0152 0.01508 10.01284 0.9610705972 2.4643852711    0.960  0.190  3.7615  4.228    1  0.000  0.535     0.00     0.00     0.00     0.00     0.00 -1 -1.52e-13      0.00 7.664e-01 2.210e-01 2.233e-03 6.115e-04 5.566e-03 -1.000 1.268e-02 4.294 5.249 5.032 4.355 3.950 3.618 3.189 2.849 2.805
0.0152 0.01508 10.01284 0.9683792591 2.4660470486    0.967  0.223  3.7616  4.198    1  0.000  0.535     0.00     0.00     0.00     0.00     0.00 -1 -1.69e-13      0.00 7.655e-01 2.217e-01 2.242e-03 6.139e-04 5.588e-03 -1.000 1.271e-02 4.211 5.164 4.948 4.271 3.868 3.536 3.107 2.767 2.723
0.0152 0.01508 10.01284 0.9767018557 2.4679045677    0.976  0.262  3.7609  4.161    1  0.000  0.535     0.00     0.00     0.00     0.00     0.00 -1 -1.92e-13      0.00 7.636e-01 2.235e-01 2.262e-03 6.193e-04 5.638e-03 -1.000 1.283e-02 4.114 5.073 4.854 4.175 3.770 3.437 3.007 2.665 2.622
0.0152 0.01508 10.01284 0.9822599888 2.4691247940    0.981  0.289  3.7598  4.132    1  0.000  0.535     0.00     0.00     0.00     0.00     0.00 -1 -2.11e-13      0.00 7.620e-01 2.251e-01 2.279e-03 6.240e-04 5.681e-03 -1.000 1.290e-02 4.047 5.019 4.793 4.110 3.704 3.369 2.935 2.591 2.547
0.0152 0.01508 10.01284 0.9840760827 2.4695200920    0.983  0.298  3.7592  4.121    2  0.000  0.535     0.00     0.00     0.00     0.00     0.00 -1 -2.18e-13      0.00 7.606e-01 2.264e-01 2.292e-03 6.275e-04 5.713e-03 -1.000 1.302e-02 4.025 5.005 4.775 4.090 3.681 3.346 2.910 2.565 2.520
0.0152 0.01508 10.01284 0.9914736748 2.4711132050    0.990  0.334  3.7555  4.074    2  0.000  0.535     0.00     0.00     0.00     0.00     0.00 -1 -2.49e-13      0.00 7.545e-01 2.322e-01 2.348e-03 6.432e-04 5.855e-03 -1.000 1.333e-02 3.934 4.965 4.707 4.007 3.591 3.249 2.803 2.449 2.403
0.0152 0.01508 10.01284 0.9990076423 2.4727075100    0.998  0.367  3.7467  4.009    2  0.000  0.535     0.00     0.00     0.00     0.00     0.00 -1 -2.88e-13      0.00 7.445e-01 2.417e-01 2.434e-03 6.662e-04 6.062e-03 -1.000 1.379e-02 3.853 5.008 4.683 3.948 3.511 3.155 2.684 2.309 2.259
0.0152 0.01508 10.01284 1.0000000000 2.4729156494    0.999  0.369  3.7445  3.998    2  0.000  0.535     0.00     0.00     0.00     0.00     0.00 -1 -2.93e-13      0.00 7.428e-01 2.433e-01 2.447e-03 6.699e-04 6.095e-03 -1.000 1.386e-02 3.847 5.032 4.690 3.947 3.504 3.146 2.668 2.288 2.237
0.0152 0.01508 10.01284 1.0026338100 2.4734652042    1.002  0.376  3.7387  3.969    2  0.000  0.536     0.00     0.00     0.00     0.00     0.00 -1 -3.08e-13      0.00 7.382e-01 2.477e-01 2.484e-03 6.798e-04 6.184e-03 -1.000 1.405e-02 3.829 5.099 4.709 3.945 3.489 3.121 2.627 2.231 2.179
0.0152 0.01508 10.01284 1.0054523945 2.4740498066    1.004  0.378  3.7282  3.927    2  0.000  0.536     0.00     0.00     0.00     0.00     0.00 -1 -3.22e-13      0.00 7.325e-01 2.532e-01 2.529e-03 6.916e-04 6.290e-03 -1.000 1.431e-02 3.826 5.255 4.782 3.977 3.495 3.110 2.582 2.160 2.103
0.0152 0.01508 10.01284 1.0073862076 2.4744486809    1.006  0.378  3.7185  3.888    2  0.000  0.536     0.00     0.00     0.00     0.00     0.00 -1 -3.36e-13      0.00 7.284e-01 2.572e-01 2.560e-03 6.999e-04 6.363e-03 -1.000 1.443e-02 3.824 5.408 4.853 4.011 3.504 3.102 2.544 2.095 2.034
0.0152 0.01508 10.01284 1.0092020035 2.4748215675    1.008  0.390  3.7090  3.839    2  0.000  0.537     0.00     0.00     0.00     0.00     0.00 -1 -3.63e-13      0.00 7.246e-01 2.608e-01 2.587e-03 7.070e-04 6.426e-03 -1.000 1.461e-02 3.795 5.538 4.899 4.021 3.489 3.070 2.480 2.004 1.939
0.0152 0.01508 10.01284 1.0109913349 2.4751875401    1.010  0.421  3.7011  3.778    2  0.000  0.537     0.00     0.00     0.00     0.00     0.00 -1 -4.15e-13      0.00 7.209e-01 2.644e-01 2.610e-03 7.131e-04 6.481e-03 -1.000 1.474e-02 3.718 5.597 4.889 3.980 3.425 2.993 2.375 1.877 1.809
0.0152 0.01508 10.01284 1.0119645596 2.4753861427    1.011  0.445  3.6977  3.740    2  0.000  0.537     0.00     0.00     0.00     0.00     0.00 -1 -4.59e-13      0.00 7.188e-01 2.664e-01 2.621e-03 7.161e-04 6.507e-03 -1.000 1.476e-02 3.656 5.597 4.858 3.936 3.371 2.931 2.302 1.793 1.724
0.0152 0.01508 10.01284 1.0133796930 2.4756739140    1.012  0.496  3.6943  3.676    3  0.000  0.537     0.00     0.00     0.00     0.00     0.00 -1 -5.52e-13      0.00 7.156e-01 2.696e-01 2.633e-03 7.199e-04 6.539e-03 -1.000 1.485e-02 3.530 5.528 4.762 3.826 3.252 2.806 2.164 1.645 1.574
0.0152 0.01508 10.01284 1.0146098137 2.4759232998    1.013  0.547  3.6920  3.616    3  0.000  0.535     0.00     0.00     0.00     0.00     0.00 -1 -6.64e-13      0.00 7.123e-01 2.728e-01 2.634e-03 7.249e-04 6.562e-03 -1.000 1.491e-02 3.401 5.435 4.652 3.708 3.129 2.678 2.029 1.502 1.430
0.0152 0.01508 10.01284 1.0154956579 2.4761023521    1.014  0.589  3.6907  3.570    3  0.000  0.531     0.00     0.00     0.00     0.00     0.00 -1 -7.69e-13      0.00 7.095e-01 2.755e-01 2.619e-03 7.374e-04 6.577e-03 -1.000 1.496e-02 3.297 5.349 4.559 3.610 3.029 2.575 1.920 1.390 1.317
0.0152 0.01508 10.01284 1.0163464546 2.4762742519    1.015  0.632  3.6895  3.522    3  0.000  0.522     0.00     0.00     0.00     0.00     0.00 -1 -8.96e-13      0.00 7.067e-01 2.783e-01 2.581e-03 7.723e-04 6.589e-03 -1.000 1.500e-02 3.189 5.257 4.460 3.507 2.924 2.468 1.809 1.274 1.201
0.0152 0.01508 10.01284 1.0171464682 2.4764354229    1.016  0.676  3.6884  3.474    3  0.000  0.510     0.00     0.00     0.00     0.00     0.00 -1 -1.05e-12      0.00 7.042e-01 2.808e-01 2.525e-03 8.327e-04 6.599e-03 -1.000 1.502e-02 3.079 5.165 4.361 3.402 2.817 2.359 1.695 1.158 1.084
0.0152 0.01508 10.01284 1.0178917646 2.4765851498    1.016  0.720  3.6873  3.426    3  0.000  0.497     0.00     0.00     0.00     0.00     0.00 -1 -1.22e-12      0.00 7.017e-01 2.832e-01 2.463e-03 9.080e-04 6.606e-03 -1.000 1.505e-02 2.969 5.074 4.262 3.297 2.709 2.249 1.581 1.041 0.967
0.0152 0.01508 10.01284 1.0185301304 2.4767134190    1.017  0.761  3.6863  3.381    3  0.000  0.486     0.00     0.00     0.00     0.00     0.00 -1 -1.41e-12      0.00 6.996e-01 2.853e-01 2.409e-03 9.765e-04 6.613e-03 -1.000 1.508e-02 2.867 4.991 4.170 3.200 2.610 2.147 1.476 0.933 0.858
0.0152 0.01508 10.01284 1.0191385746 2.4768354893    1.017  0.803  3.6853  3.335    3  0.000  0.477     0.00     0.00     0.00     0.00     0.00 -1 -1.64e-12      0.00 6.979e-01 2.870e-01 2.370e-03 1.028e-03 6.617e-03 -1.000 1.508e-02 2.762 4.906 4.076 3.101 2.508 2.042 1.367 0.821 0.746
0.0152 0.01508 10.01284 1.0197538137 2.4769587517    1.018  0.849  3.6840  3.285    3  0.000  0.471     0.00     0.00     0.00     0.00     0.00 -1 -1.93e-12      0.00 6.963e-01 2.886e-01 2.337e-03 1.070e-03 6.621e-03 -1.000 1.511e-02 2.647 4.816 3.974 2.992 2.396 1.928 1.248 0.699 0.623
0.0152 0.01508 10.01284 1.0202742815 2.4770627022    1.019  0.891  3.6828  3.238    3  0.000  0.466     0.00     0.00     0.00     0.00     0.00 -1 -2.24e-12      0.00 6.952e-01 2.897e-01 2.315e-03 1.098e-03 6.624e-03 -1.000 1.513e-02 2.542 4.735 3.882 2.893 2.294 1.824 1.139 0.586 0.510
0.0152 0.01508 10.01284 1.0207400322 2.4771559238    1.019  0.932  3.6815  3.192    3  0.000  0.463     0.00     0.00     0.00     0.00     0.00 -1 -2.59e-12      0.00 6.943e-01 2.906e-01 2.299e-03 1.119e-03 6.626e-03 -1.000 1.512e-02 2.440 4.658 3.793 2.798 2.195 1.722 1.033 0.476 0.400
0.0152 0.01508 10.01284 1.0211725235 2.4772422314    1.019  0.972  3.6802  3.147    3  0.000  0.460     0.00     0.00     0.00     0.00     0.00 -1 -2.99e-12      0.00 6.936e-01 2.913e-01 2.286e-03 1.136e-03 6.627e-03 -1.000 1.510e-02 2.339 4.583 3.706 2.704 2.098 1.622 0.928 0.368 0.291
0.0152 0.01508 10.01284 1.0216007233 2.4773275852    1.020  1.016  3.6787  3.097    3  0.000  0.458     0.00     0.00     0.00     0.00     0.00 -1  -3.5e-12      0.00 6.931e-01 2.918e-01 2.277e-03 1.148e-03 6.629e-03 -1.000 1.511e-02 2.230 4.506 3.614 2.603 1.993 1.514 0.814 0.249 0.171
0.0152 0.01508 10.01284 1.0220664740 2.4774203300    1.020  1.068  3.6768  3.038    3  0.000  0.457     0.00     0.00     0.00     0.00     0.00 -1 -4.22e-12      0.00 6.926e-01 2.923e-01 2.270e-03 1.157e-03 6.629e-03 -1.000 1.512e-02 2.101 4.418 3.505 2.485 1.869 1.386 0.678 0.107 0.028
0.0152 0.01508 10.01284 1.0224074125 2.4774880409    1.020  1.110  3.6751  2.990    3  0.000  0.456     0.00     0.00     0.00     0.00     0.00 -1 -4.91e-12      0.00 6.924e-01 2.925e-01 2.267e-03 1.162e-03 6.630e-03 -1.000 1.512e-02 1.996 4.349 3.419 2.390 1.770 1.282 0.569 -0.008 -0.087
0.0152 0.01508 10.01284 1.0227081776 2.4775478840    1.021  1.149  3.6735  2.944    3  0.000  0.455     0.00     0.00     0.00     0.00     0.00 -1 -5.67e-12      0.00 6.923e-01 2.925e-01 2.265e-03 1.163e-03 6.631e-03 -1.000 1.512e-02 1.897 4.283 3.336 2.300 1.675 1.184 0.464 -0.117 -0.197
0.0152 0.01508 10.01284 1.0229860544 2.4776031971    1.021  1.189  3.6718  2.898    3  0.000  0.455     0.00     0.00     0.00     0.00     0.00 -1 -6.54e-12      0.00 6.923e-01 2.926e-01 2.265e-03 1.164e-03 6.631e-03 -1.000 1.512e-02 1.798 4.219 3.256 2.211 1.582 1.087 0.361 -0.225 -0.307
0.0152 0.01508 10.01284 1.0233200788 2.4776694775    1.021  1.240  3.6695  2.837    3  0.000  0.455     0.00     0.00     0.00     0.00     0.00 -1  -7.9e-12      0.00 6.923e-01 2.926e-01 2.264e-03 1.165e-03 6.631e-03 -1.000 1.512e-02 1.669 4.137 3.150 2.095 1.459 0.960 0.224 -0.369 -0.452
0.0152 0.01508 10.01284 1.0236159563 2.4777281284    1.021  1.291  3.6672  2.777    3  0.000  0.455     0.00     0.00     0.00     0.00     0.00 -1 -9.49e-12      0.00 6.923e-01 2.926e-01 2.264e-03 1.165e-03 6.631e-03 -1.000 1.512e-02 1.543 4.061 3.051 1.984 1.342 0.837 0.092 -0.508 -0.592
0.0152 0.01508 10.01284 1.0238870382 2.4777820110    1.021  1.341  3.6648  2.718    3  0.000  0.455     0.00     0.00     0.00     0.00     0.00 -1 -1.14e-11      0.00 6.923e-01 2.926e-01 2.264e-03 1.165e-03 6.631e-03 -1.000 1.512e-02 1.418 3.987 2.952 1.874 1.224 0.714 -0.040 -0.647 -0.734
0.0152 0.01508 10.01284 1.0241389275 2.4778318405    1.022  1.391  3.6623  2.658    3  0.000  0.455     0.00     0.00     0.00     0.00     0.00 -1 -1.37e-11      0.00 6.923e-01 2.926e-01 2.263e-03 1.166e-03 6.631e-03 -1.000 1.512e-02 1.292 3.916 2.854 1.764 1.107 0.591 -0.172 -0.787 -0.876
0.0152 0.01508 10.01284 1.0243695974 2.4778776169    1.022  1.439  3.6599  2.600    3  0.000  0.455     0.00     0.00     0.00     0.00     0.00 -1 -1.64e-11      0.00 6.923e-01 2.926e-01 2.263e-03 1.166e-03 6.631e-03 -1.000 1.512e-02 1.172 3.848 2.761 1.659 0.996 0.474 -0.299 -0.922 -1.012
0.0152 0.01508 10.01284 1.0246059895 2.4779243469    1.022  1.484  3.6576  2.545    3  0.000  0.455     0.00     0.00     0.00     0.00     0.00 -1 -1.94e-11      0.00 6.923e-01 2.926e-01 2.263e-03 1.167e-03 6.631e-03 -1.000 1.512e-02 1.059 3.788 2.675 1.562 0.891 0.364 -0.419 -1.049 -1.140
0.0152 0.01508 10.01284 1.0248477459 2.4779722691    1.022  1.518  3.6559  2.505    3  0.000  0.455     0.00     0.00     0.00     0.00     0.00 -1  -2.2e-11      0.00 6.923e-01 2.926e-01 2.263e-03 1.167e-03 6.631e-03 -1.000 1.512e-02 0.974 3.741 2.610 1.489 0.814 0.281 -0.507 -1.143 -1.236
0.0152 0.01508 10.01284 1.0250308514 2.4780085087    1.022  1.489  3.6579  2.542    3  0.000  0.455     0.00     0.00     0.00     0.00     0.00 -1    -2e-11      0.00 6.923e-01 2.926e-01 2.262e-03 1.167e-03 6.632e-03 -1.000 1.512e-02 1.048 3.768 2.659 1.548 0.879 0.352 -0.429 -1.058 -1.149
0.0152 0.01508 10.01284 1.0251532793 2.4780325890    1.022  1.449  3.6605  2.593    3  0.000  0.455     0.00     0.00     0.00     0.00     0.00 -1 -1.72e-11      0.00 6.922e-01 2.926e-01 2.262e-03 1.167e-03 6.632e-03 -1.000 1.512e-02 1.148 3.810 2.730 1.631 0.970 0.449 -0.322 -0.942 -1.032
0.0152 0.01508 10.01284 1.0251637697 2.4780347347    1.022  1.446  3.6607  2.596    3  0.000  0.455     0.00     0.00     0.00     0.00     0.00 -1 -1.69e-11      0.00 6.922e-01 2.926e-01 2.262e-03 1.167e-03 6.632e-03 -1.000 1.512e-02 1.155 3.813 2.735 1.637 0.976 0.456 -0.314 -0.934 -1.024
0.0152 0.01508 10.01284 1.0253343582 2.4780685902    1.022  1.492  3.6581  2.540    3  0.000  0.455     0.00     0.00     0.00     0.00     0.00 -1 -1.98e-11      0.00 6.922e-01 2.926e-01 2.262e-03 1.168e-03 6.632e-03 -1.000 1.512e-02 1.040 3.754 2.648 1.538 0.870 0.344 -0.436 -1.064 -1.156
0.0152 0.01508 10.01284 1.0255095959 2.4781031609    1.022  1.540  3.6555  2.482    3  0.000  0.455     0.00     0.00     0.00     0.00     0.00 -1 -2.36e-11      0.00 6.922e-01 2.926e-01 2.262e-03 1.168e-03 6.632e-03 -1.000 1.512e-02 0.921 3.701 2.563 1.439 0.761 0.228 -0.562 -1.199 -1.292
0.0152 0.01508 10.01284 1.0256770849 2.4781360626    1.022  1.588  3.6528  2.423    3  0.000  0.455     0.00     0.00     0.00     0.00     0.00 -1 -2.82e-11      0.00 6.922e-01 2.926e-01 2.262e-03 1.168e-03 6.632e-03 -1.000 1.512e-02 0.801 3.662 2.481 1.338 0.651 0.111 -0.690 -1.335 -1.429
0.0152 0.01508 10.01284 1.0258275270 2.4781658649    1.022  1.634  3.6501  2.366    3  0.000  0.455     0.00     0.00     0.00     0.00     0.00 -1 -3.35e-11      0.00 6.922e-01 2.927e-01 2.262e-03 1.168e-03 6.632e-03 -1.000 1.512e-02 0.685 3.626 2.402 1.241 0.544 -0.002 -0.814 -1.466 -1.563
0.0152 0.01508 10.01284 1.0259704590 2.4781939983    1.022  1.682  3.6473  2.307    3  0.000  0.455     0.00     0.00     0.00     0.00     0.00 -1    -4e-11      0.00 6.922e-01 2.927e-01 2.261e-03 1.169e-03 6.632e-03 -1.000 1.512e-02 0.566 3.593 2.325 1.145 0.437 -0.118 -0.941 -1.601 -1.700
0.0152 0.01508 10.01284 1.0260961056 2.4782187939    1.022  1.727  3.6445  2.250    3  0.000  0.455     0.00     0.00     0.00     0.00     0.00 -1 -4.74e-11      0.00 6.922e-01 2.927e-01 2.261e-03 1.169e-03 6.632e-03 -1.000 1.512e-02 0.452 3.566 2.252 1.053 0.335 -0.228 -1.062 -1.731 -1.832
0.0152 0.01508 10.01284 1.0262142420 2.4782421589    1.022  1.774  3.6416  2.192    3  0.000  0.455     0.00     0.00     0.00     0.00     0.00 -1 -5.65e-11      0.00 6.922e-01 2.927e-01 2.261e-03 1.169e-03 6.632e-03 -1.000 1.512e-02 0.336 3.538 2.179 0.960 0.230 -0.340 -1.187 -1.864 -1.967
0.0152 0.01508 10.01284 1.0263206959 2.4782631397    1.022  1.819  3.6388  2.135    3  0.000  0.455     0.00     0.00     0.00     0.00     0.00 -1  -6.7e-11      0.00 6.922e-01 2.927e-01 2.261e-03 1.169e-03 6.632e-03 -1.000 1.512e-02 0.222 3.514 2.108 0.869 0.129 -0.450 -1.308 -1.994 -2.099
0.0152 0.01508 10.01284 1.0264182091 2.4782824516    1.021  1.865  3.6359  2.078    3  0.000  0.454     0.00     0.00     0.00     0.00     0.00 -1 -7.94e-11      0.00 6.922e-01 2.927e-01 2.261e-03 1.169e-03 6.632e-03 -1.000 1.512e-02 0.109 3.493 2.040 0.782 0.031 -0.559 -1.429 -2.124 -2.231
0.0152 0.01508 10.01284 1.0265096426 2.4783003330    1.021  1.910  3.6330  2.021    3  0.000  0.454     0.00     0.00     0.00     0.00     0.00 -1 -9.43e-11      0.00 6.922e-01 2.927e-01 2.261e-03 1.169e-03 6.632e-03 -1.000 1.512e-02 -0.006 3.474 1.972 0.694 -0.069 -0.669 -1.551 -2.255 -2.365
0.0152 0.01508 10.01284 1.0265907049 2.4783163071    1.021  1.955  3.6300  1.965    3  0.000  0.454     0.00     0.00     0.00     0.00     0.00 -1 -1.11e-10      0.00 6.922e-01 2.927e-01 2.261e-03 1.170e-03 6.632e-03 -1.000 1.512e-02 -0.116 3.438 1.907 0.607 -0.165 -0.773 -1.668 -2.378 -2.491
0.0152 0.01508 10.01284 1.0266646147 2.4783310890    1.021  1.999  3.6271  1.909    3  0.000  0.454     0.00     0.00     0.00     0.00     0.00 -1 -1.32e-10      0.00 6.922e-01 2.927e-01 2.261e-03 1.170e-03 6.632e-03 -1.000 1.512e-02 -0.227 3.389 1.843 0.521 -0.257 -0.876 -1.783 -2.497 -2.616
0.0152 0.01508 10.01284 1.0267343521 2.4783446789    1.020  2.044  3.6240  1.851    3  0.000  0.454     0.00     0.00     0.00     0.00     0.00 -1 -1.56e-10      0.00 6.922e-01 2.927e-01 2.261e-03 1.170e-03 6.632e-03 -1.000 1.512e-02 -0.339 3.337 1.778 0.434 -0.351 -0.980 -1.901 -2.619 -2.743
0.0152 0.01508 10.01284 1.0267959833 2.4783568382    1.020  2.087  3.6210  1.796    3  0.000  0.454     0.00     0.00     0.00     0.00     0.00 -1 -1.84e-10      0.00 6.922e-01 2.927e-01 2.260e-03 1.170e-03 6.632e-03 -1.000 1.512e-02 -0.447 3.287 1.715 0.350 -0.442 -1.080 -2.015 -2.736 -2.867
0.0152 0.01508 10.01284 1.0268542767 2.4783682823    1.020  2.131  3.6179  1.739    3  0.000  0.454     0.00     0.00     0.00     0.00     0.00 -1 -2.17e-10      0.00 6.922e-01 2.927e-01 2.260e-03 1.170e-03 6.632e-03 -1.000 1.512e-02 -0.558 3.231 1.649 0.265 -0.533 -1.182 -2.131 -2.857 -2.993
0.0152 0.01508 10.01284 1.0269051790 2.4783782959    1.019  2.173  3.6149  1.685    3  0.000  0.454     0.00     0.00     0.00     0.00     0.00 -1 -2.55e-10      0.00 6.922e-01 2.927e-01 2.260e-03 1.170e-03 6.632e-03 -1.000 1.513e-02 -0.663 3.179 1.589 0.186 -0.618 -1.277 -2.240 -2.971 -3.113
0.0152 0.01508 10.01284 1.0269538164 2.4783878326    1.019  2.216  3.6118  1.629    3  0.000  0.454     0.00     0.00     0.00     0.00     0.00 -1 -3.01e-10      0.00 6.922e-01 2.927e-01 2.260e-03 1.170e-03 6.632e-03 -1.000 1.513e-02 -0.771 3.125 1.526 0.105 -0.706 -1.375 -2.353 -3.088 -3.237
0.0152 0.01508 10.01284 1.0269985199 2.4783966541    1.018  2.259  3.6087  1.573    3  0.000  0.454     0.00     0.00     0.00     0.00     0.00 -1 -3.54e-10      0.00 6.922e-01 2.927e-01 2.260e-03 1.170e-03 6.632e-03 -1.000 1.513e-02 -0.879 3.070 1.464 0.027 -0.792 -1.471 -2.465 -3.205 -3.361
0.0152 0.01508 10.01284 1.0270385742 2.4784045219    1.018  2.301  3.6056  1.519    3  0.000  0.454     0.00     0.00     0.00     0.00     0.00 -1 -4.15e-10      0.00 6.922e-01 2.927e-01 2.260e-03 1.170e-03 6.632e-03 -1.000 1.513e-02 -0.982 3.016 1.406 -0.046 -0.872 -1.563 -2.573 -3.318 -3.481
0.0152 0.01508 10.01284 1.0270762444 2.4784121513    1.017  2.343  3.6024  1.464    3  0.000  0.454     0.00     0.00     0.00     0.00     0.00 -1 -4.87e-10      0.00 6.922e-01 2.927e-01 2.260e-03 1.170e-03 6.632e-03 -1.000 1.513e-02 -1.088 2.995 1.354 -0.115 -0.953 -1.659 -2.685 -3.437 -3.606
0.0152 0.01508 10.01284 1.0271105766 2.4784188271    1.017  2.384  3.5992  1.410    3  0.000  0.454     0.00     0.00     0.00     0.00     0.00 -1 -5.71e-10      0.00 6.922e-01 2.927e-01 2.260e-03 1.170e-03 6.632e-03 -1.000 1.513e-02 -1.191 2.995 1.309 -0.178 -1.030 -1.754 -2.795 -3.557 -3.730
0.0152 0.01508 10.01284 1.0271420479 2.4784250259    1.016  2.425  3.5959  1.356    3  0.000  0.454     0.00     0.00     0.00     0.00     0.00 -1 -6.68e-10      0.00 6.922e-01 2.927e-01 2.260e-03 1.170e-03 6.632e-03 -1.000 1.513e-02 -1.293 2.991 1.268 -0.234 -1.100 -1.846 -2.905 -3.675 -3.853
0.0152 0.01508 10.01284 1.0271714926 2.4784307480    1.015  2.466  3.5927  1.301    3  0.000  0.454     0.00     0.00     0.00     0.00     0.00 -1 -7.83e-10      0.00 6.922e-01 2.927e-01 2.260e-03 1.171e-03 6.632e-03 -1.000 1.513e-02 -1.395 2.987 1.226 -0.291 -1.171 -1.940 -3.015 -3.794 -3.977
0.0152 0.01508 10.01284 1.0271980762 2.4784359932    1.015  2.506  3.5894  1.248    3  0.000  0.454    12.33     8.95     6.25     4.82     3.91  4 -9.13e-10      0.00 6.922e-01 2.927e-01 2.260e-03 1.171e-03 6.632e-03 -1.000 1.513e-02 -1.495 2.986 1.189 -0.343 -1.238 -2.030 -3.123 -3.910 -4.098
0.0152 0.01508 10.01284 1.0272222757 2.4784407616    1.014  2.545  3.5861  1.196    3  0.000  0.454    13.75     9.83     6.84     5.29     4.29  3 -1.06e-09      0.00 6.922e-01 2.927e-01 2.260e-03 1.171e-03 6.632e-03 -1.000 1.513e-02 -1.592 2.983 1.158 -0.385 -1.296 -2.116 -3.228 -4.023 -4.217
0.0152 0.01508 10.01284 1.0272452831 2.4784452915    1.013  2.584  3.5828  1.142    3  0.000  0.454    15.37    10.83     7.50     5.80     4.71  3 -1.24e-09      0.00 6.922e-01 2.927e-01 2.260e-03 1.171e-03 6.632e-03 -1.000 1.513e-02 -1.691 2.980 1.127 -0.428 -1.355 -2.204 -3.335 -4.139 -4.338
0.0152 0.01508 10.01284 1.0272661448 2.4784493446    1.012  2.623  3.5795  1.090    3  0.000  0.454    17.13    11.90     8.20     6.36     5.16  3 -1.44e-09      0.00 6.922e-01 2.927e-01 2.260e-03 1.171e-03 6.632e-03 -1.000 1.513e-02 -1.787 2.978 1.099 -0.467 -1.410 -2.289 -3.439 -4.252 -4.456
0.0152 0.01508 10.01284 1.0272853374 2.4784531593    1.011  2.661  3.5761  1.038    3  0.000  0.454    19.08    13.06     8.97     6.96     5.65  3 -1.67e-09      0.00 6.922e-01 2.927e-01 2.260e-03 1.171e-03 6.632e-03 -1.000 1.513e-02 -1.881 2.972 1.082 -0.489 -1.452 -2.370 -3.543 -4.363 -4.572
0.0152 0.01508 10.01284 1.0273034573 2.4784567356    1.010  2.699  3.5726  0.986    3  0.000  0.454    21.28    14.36     9.82     7.63     6.20  3 -1.94e-09      0.00 6.922e-01 2.927e-01 2.260e-03 1.171e-03 6.632e-03 -1.000 1.513e-02 -1.976 2.970 1.067 -0.511 -1.494 -2.452 -3.647 -4.476 -4.690
0.0152 0.01508 10.01284 1.0273203850 2.4784600735    1.008  2.736  3.5691  0.934    3  0.000  0.454    23.72    15.78    10.74     8.36     6.79  3 -2.24e-09      0.00 6.922e-01 2.927e-01 2.260e-03 1.171e-03 6.632e-03 -1.000 1.513e-02 -2.071 2.971 1.058 -0.524 -1.529 -2.531 -3.751 -4.588 -4.808
0.0152 0.01508 10.01284 1.0273395777 2.4784638882    1.007  2.782  3.5647  0.870    3  0.000  0.454    27.08    17.70    11.99     9.34     7.59  3 -2.69e-09      0.00 6.922e-01 2.927e-01 2.260e-03 1.171e-03 6.632e-03 -1.000 1.513e-02 -2.184 2.970 1.062 -0.520 -1.557 -2.622 -3.878 -4.724 -4.951
0.0152 0.01508 10.01284 1.0273571014 2.4784672260    1.005  2.826  3.5603  0.807    3  0.000  0.454    30.83    19.80    13.34    10.42     8.47  2  -3.2e-09      0.00 6.922e-01 2.927e-01 2.260e-03 1.171e-03 6.632e-03 -1.000 1.513e-02 -2.295 2.970 1.067 -0.514 -1.583 -2.711 -4.003 -4.856 -5.090
0.0152 0.01508 10.01284 1.0273729563 2.4784703255    1.003  2.870  3.5560  0.746    3  0.000  0.454    35.05    22.13    14.84    11.61     9.44  2 -3.81e-09      0.00 6.922e-01 2.927e-01 2.260e-03 1.171e-03 6.633e-03 -1.000 1.513e-02 -2.404 2.967 1.091 -0.481 -1.590 -2.791 -4.125 -4.987 -5.228
0.0152 0.01508 10.01284 1.0273879766 2.4784734249    1.001  2.913  3.5515  0.683    3  0.000  0.454    39.91    24.77    16.52    12.94    10.53  2 -4.54e-09      0.00 6.922e-01 2.927e-01 2.260e-03 1.171e-03 6.633e-03 -1.000 1.513e-02 -2.513 2.966 1.122 -0.441 -1.593 -2.870 -4.247 -5.118 -5.367
0.0152 0.01508 10.01284 1.0274015665 2.4784760475    0.998  2.956  3.5470  0.622    3  0.000  0.454    45.34    27.66    18.36    14.41    11.72  2  -5.4e-09      0.00 6.922e-01 2.927e-01 2.260e-03 1.171e-03 6.633e-03 -1.000 1.513e-02 -2.619 2.965 1.169 -0.378 -1.581 -2.936 -4.367 -5.246 -5.502
0.0152 0.01508 10.01284 1.0274142027 2.4784784317    0.995  2.997  3.5425  0.561    3  0.000  0.454    51.46    30.86    20.38    16.03    13.04  2 -6.39e-09      0.00 6.922e-01 2.927e-01 2.260e-03 1.171e-03 6.633e-03 -1.000 1.513e-02 -2.723 2.965 1.227 -0.301 -1.559 -2.995 -4.486 -5.372 -5.637
0.0152 0.01508 10.01284 1.0274260044 2.4784808159    0.992  3.039  3.5379  0.499    3  0.000  0.454    58.44    34.45    22.64    17.83    14.51  2 -7.58e-09      0.00 6.922e-01 2.927e-01 2.260e-03 1.171e-03 6.633e-03 -1.000 1.513e-02 -2.827 2.965 1.300 -0.206 -1.527 -3.045 -4.605 -5.498 -5.771
0.0152 0.01508 10.01284 1.0274368525 2.4784829617    0.989  3.079  3.5333  0.439    3  0.000  0.454    66.21    38.38    25.09    19.80    16.12  2 -8.95e-09      0.00 6.922e-01 2.927e-01 2.260e-03 1.171e-03 6.633e-03 -1.000 1.513e-02 -2.928 2.968 1.394 -0.085 -1.479 -3.082 -4.722 -5.620 -5.902
0.0152 0.01508 10.01284 1.0274469852 2.4784851074    0.986  3.119  3.5287  0.379    3  0.000  0.454    75.00    42.74    27.81    21.98    17.90  2 -1.06e-08      0.00 6.922e-01 2.927e-01 2.260e-03 1.171e-03 6.633e-03 -1.000 1.513e-02 -3.028 2.971 1.499 0.048 -1.425 -3.110 -4.838 -5.742 -6.033
0.0152 0.01508 10.01284 1.0274562836 2.4784867764    0.982  3.158  3.5240  0.320    3  0.000  0.454    84.84    47.54    30.78    24.37    19.85  1 -1.24e-08      0.00 6.922e-01 2.927e-01 2.260e-03 1.171e-03 6.633e-03 -1.000 1.513e-02 -3.126 2.975 1.631 0.214 -1.351 -3.111 -4.952 -5.860 -6.161
0.0152 0.01508 10.01284 1.0274649858 2.4784884453    0.978  3.197  3.5193  0.261    3  0.000  0.454    95.88    52.83    34.04    26.99    21.99  1 -1.46e-08      0.00 6.922e-01 2.927e-01 2.260e-03 1.171e-03 6.633e-03 -1.000 1.513e-02 -3.221 2.983 1.775 0.396 -1.267 -3.104 -5.064 -5.977 -6.287
0.0152 0.01508 10.01284 1.0274732113 2.4784901142    0.973  3.234  3.5146  0.202    3  0.000  0.454   108.25    58.64    37.60    29.87    24.34  1 -1.71e-08      0.00 6.922e-01 2.927e-01 2.260e-03 1.171e-03 6.633e-03 -1.000 1.513e-02 -3.315 2.991 1.952 0.626 -1.153 -3.058 -5.173 -6.091 -6.411
0.0152 0.01508 10.01284 1.0274808407 2.4784915447    0.968  3.271  3.5098  0.143    3  0.000  0.454   122.28    65.13    41.56    33.08    26.96  1    -2e-08      0.00 6.922e-01 2.927e-01 2.260e-03 1.171e-03 6.633e-03 -1.000 1.513e-02 -3.408 3.002 2.133 0.861 -1.035 -3.010 -5.282 -6.205 -6.535
0.0152 0.01508 10.01284 1.0274879932 2.4784929752    0.962  3.308  3.5050  0.086    3  0.000  0.454   137.82    72.18    45.84    36.55    29.79  1 -2.33e-08      0.00 6.922e-01 2.927e-01 2.260e-03 1.171e-03 6.633e-03 -1.000 1.513e-02 -3.499 3.002 2.275 1.047 -0.943 -2.968 -5.388 -6.315 -6.654
0.0152 0.01508 10.01284 1.0274946690 2.4784944057    0.956  3.343  3.5004  0.029    3  0.000  0.454   154.91    79.79    50.44    40.28    32.84  1 -2.71e-08      0.00 6.922e-01 2.927e-01 2.260e-03 1.171e-03 6.633e-03 -1.000 1.513e-02 -3.586 3.009 2.435 1.252 -0.837 -2.912 -5.490 -6.422 -6.770
0.0152 0.01508 10.01284 1.0275012255 2.4784955978    0.949  3.378  3.4957 -0.028    3  0.000  0.454   171.65    88.29    55.55    44.44    36.24  1 -3.15e-08      0.00 6.922e-01 2.927e-01 2.260e-03 1.171e-03 6.633e-03 -1.000 1.513e-02 -3.674 3.013 2.579 1.426 -0.745 -2.856 -5.592 -6.529 -6.886
0.0152 0.01508 10.01284 1.0275063515 2.4784965515    0.943  3.403  3.4922 -0.070    3  0.000  0.454   182.84    95.22    59.70    47.82    39.01  1 -3.53e-08      0.00 6.922e-01 2.927e-01 2.260e-03 1.171e-03 6.633e-03 -1.000 1.513e-02 -3.739 3.017 2.686 1.554 -0.677 -2.813 -5.667 -6.608 -6.972
0.0152 0.01508 10.01284 1.0275063515 2.4784965515    0.943  1.677  3.6672  2.356    4  0.000  0.473     0.00     0.00     0.00     0.00     0.00 -1    -1e-30      0.00 6.948e-01 2.901e-01 2.343e-03 1.058e-03 6.609e-03 -1.000 1.507e-02 0.577 3.115 2.094 1.008 0.375 -0.130 -0.877 -1.471 -1.556
0.0152 0.01508 10.01284 1.0275998116 2.4785151482    0.943  1.685  3.6667  2.346    4  0.000  0.473     0.00     0.00     0.00     0.00     0.00 -1    -1e-30      0.00 6.948e-01 2.901e-01 2.343e-03 1.058e-03 6.609e-03 -1.000 1.507e-02 0.558 3.110 2.081 0.991 0.357 -0.149 -0.898 -1.493 -1.579
0.0152 0.01508 10.01284 1.0276851654 2.4785318375    0.943  1.688  3.6666  2.343    4  0.000  0.473     0.00     0.00     0.00     0.00     0.00 -1    -1e-30      0.00 6.948e-01 2.901e-01 2.343e-03 1.058e-03 6.609e-03 -1.000 1.507e-02 0.549 3.106 2.074 0.984 0.349 -0.157 -0.907 -1.502 -1.588
0.0152 0.01508 10.01284 1.0277715921 2.4785487652    0.943  1.688  3.6668  2.344    4  0.000  0.473     0.00     0.00     0.00     0.00     0.00 -1    -1e-30      0.00 6.948e-01 2.901e-01 2.343e-03 1.058e-03 6.609e-03 -1.000 1.507e-02 0.550 3.101 2.073 0.983 0.349 -0.156 -0.905 -1.500 -1.586
0.0152 0.01508 10.01284 1.0278601646 2.4785661697    0.943  1.686  3.6673  2.348    4  0.000  0.473     0.00     0.00     0.00     0.00     0.00 -1    -1e-30      0.00 6.948e-01 2.901e-01 2.343e-03 1.058e-03 6.609e-03 -1.000 1.507e-02 0.556 3.095 2.073 0.986 0.353 -0.151 -0.898 -1.492 -1.577
0.0152 0.01508 10.01284 1.0279469490 2.4785833359    0.943  1.683  3.6678  2.353    4  0.000  0.473     0.00     0.00     0.00     0.00     0.00 -1    -1e-30      0.00 6.948e-01 2.901e-01 2.343e-03 1.058e-03 6.609e-03 -1.000 1.507e-02 0.563 3.090 2.074 0.990 0.359 -0.144 -0.890 -1.482 -1.567
0.0152 0.01508 10.01284 1.0280379057 2.4786012173    0.943  1.680  3.6683  2.358    4  0.000  0.473     0.00     0.00     0.00     0.00     0.00 -1    -1e-30      0.00 6.948e-01 2.901e-01 2.343e-03 1.058e-03 6.609e-03 -1.000 1.507e-02 0.571 3.083 2.075 0.994 0.365 -0.137 -0.880 -1.471 -1.556
0.0152 0.01508 10.01284 1.0281234980 2.4786179066    0.943  1.677  3.6688  2.363    4  0.000  0.473     0.00     0.00     0.00     0.00     0.00 -1    -1e-30      0.00 6.948e-01 2.901e-01 2.343e-03 1.058e-03 6.609e-03 -1.000 1.507e-02 0.578 3.077 2.076 0.997 0.370 -0.131 -0.872 -1.460 -1.545
0.0152 0.01508 10.01284 1.0282132626 2.4786355495    0.943  1.674  3.6694  2.368    4  0.000  0.473     0.00     0.00     0.00     0.00     0.00 -1    -1e-30      0.00 6.948e-01 2.901e-01 2.343e-03 1.058e-03 6.609e-03 -1.000 1.507e-02 0.585 3.071 2.077 1.001 0.376 -0.124 -0.863 -1.450 -1.534
0.0152 0.01508 10.01284 1.0283036232 2.4786534309    0.944  1.671  3.6699  2.373    4  0.000  0.473     0.00     0.00     0.00     0.00     0.00 -1    -1e-30      0.00 6.948e-01 2.901e-01 2.343e-03 1.058e-03 6.609e-03 -1.000 1.507e-02 0.592 3.065 2.077 1.004 0.381 -0.118 -0.855 -1.440 -1.524
0.0152 0.01508 10.01284 1.0283893347 2.4786701202    0.944  1.669  3.6703  2.377    4  0.000  0.473     0.00     0.00     0.00     0.00     0.00 -1    -1e-30      0.00 6.948e-01 2.901e-01 2.343e-03 1.058e-03 6.609e-03 -1.000 1.507e-02 0.597 3.061 2.078 1.007 0.385 -0.112 -0.848 -1.432 -1.516
0.0152 0.01508 10.01284 1.0284745693 2.4786868095    0.944  1.667  3.6706  2.380    4  0.000  0.473     0.00     0.00     0.00     0.00     0.00 -1    -1e-30      0.00 6.948e-01 2.901e-01 2.343e-03 1.058e-03 6.609e-03 -1.000 1.507e-02 0.602 3.057 2.079 1.010 0.389 -0.108 -0.842 -1.425 -1.509
0.0152 0.01508 10.01284 1.0285669565 2.4787049294    0.944  1.665  3.6710  2.383    4  0.000  0.473     0.00     0.00     0.00     0.00     0.00 -1    -1e-30      0.00 6.948e-01 2.901e-01 2.343e-03 1.058e-03 6.609e-03 -1.000 1.507e-02 0.606 3.052 2.079 1.012 0.392 -0.104 -0.836 -1.419 -1.502
0.0152 0.01508 10.01284 1.0286595821 2.4787232876    0.944  1.664  3.6713  2.386    4  0.000  0.473     0.00     0.00     0.00     0.00     0.00 -1    -1e-30      0.00 6.948e-01 2.901e-01 2.343e-03 1.058e-03 6.609e-03 -1.000 1.507e-02 0.610 3.048 2.079 1.014 0.395 -0.100 -0.832 -1.413 -1.496
0.0152 0.01508 10.01284 1.0287113190 2.4787333012    0.944  1.663  3.6715  2.388    4  0.000  0.473     0.00     0.00     0.00     0.00     0.00 -1    -1e-30      0.00 6.948e-01 2.901e-01 2.343e-03 1.058e-03 6.609e-03 -1.000 1.507e-02 0.612 3.046 2.079 1.015 0.397 -0.098 -0.829 -1.410 -1.493
0.0152 0.01508 10.01284 1.0287400484 2.4787390232    0.944  1.663  3.6716  2.389    4  0.000  0.473     0.00     0.00     0.00     0.00     0.00 -1    -1e-30      0.00 6.948e-01 2.901e-01 2.343e-03 1.058e-03 6.609e-03 -1.000 1.507e-02 0.613 3.045 2.079 1.015 0.397 -0.097 -0.828 -1.408 -1.491
0.0152 0.01508 10.01284 1.0288288593 2.4787564278    0.944  1.662  3.6718  2.391    4  0.000  0.473     0.00     0.00     0.00     0.00     0.00 -1    -1e-30      0.00 6.948e-01 2.901e-01 2.343e-03 1.058e-03 6.609e-03 -1.000 1.507e-02 0.615 3.041 2.079 1.016 0.399 -0.095 -0.825 -1.404 -1.487
0.0152 0.01508 10.01284 1.0289151669 2.4787733555    0.944  1.661  3.6720  2.392    4  0.000  0.473     0.00     0.00     0.00     0.00     0.00 -1    -1e-30      0.00 6.948e-01 2.901e-01 2.343e-03 1.058e-03 6.609e-03 -1.000 1.507e-02 0.617 3.038 2.078 1.017 0.400 -0.093 -0.822 -1.401 -1.484
0.0152 0.01508 10.01284 1.0289978981 2.4787895679    0.944  1.661  3.6722  2.393    4  0.000  0.473     0.00     0.00     0.00     0.00     0.00 -1    -1e-30      0.00 6.948e-01 2.901e-01 2.343e-03 1.058e-03 6.609e-03 -1.000 1.507e-02 0.619 3.036 2.077 1.017 0.401 -0.092 -0.820 -1.399 -1.482
0.0152 0.01508 10.01284 1.0290868282 2.4788069725    0.944  1.660  3.6723  2.394    4  0.000  0.473     0.00     0.00     0.00     0.00     0.00 -1    -1e-30      0.00 6.948e-01 2.901e-01 2.343e-03 1.058e-03 6.609e-03 -1.000 1.507e-02 0.619 3.033 2.076 1.016 0.401 -0.092 -0.820 -1.398 -1.480
0.0152 0.01508 10.01284 1.0291709900 2.4788234234    0.945  1.661  3.6724  2.394    4  0.000  0.473     0.00     0.00     0.00     0.00     0.00 -1    -1e-30      0.00 6.948e-01 2.901e-01 2.343e-03 1.058e-03 6.609e-03 -1.000 1.507e-02 0.618 3.031 2.075 1.015 0.400 -0.093 -0.820 -1.398 -1.481
0.0152 0.01508 10.01284 1.0292571783 2.4788403511    0.945  1.661  3.6724  2.394    4  0.000  0.473     0.00     0.00     0.00     0.00     0.00 -1    -1e-30      0.00 6.948e-01 2.901e-01 2.343e-03 1.058e-03 6.609e-03 -1.000 1.507e-02 0.617 3.029 2.073 1.014 0.399 -0.094 -0.822 -1.400 -1.482
0.0152 0.01508 10.01284 1.0293416977 2.4788568020    0.945  1.662  3.6724  2.392    4  0.000  0.473     0.00     0.00     0.00     0.00     0.00 -1    -1e-30      0.00 6.948e-01 2.901e-01 2.343e-03 1.058e-03 6.609e-03 -1.000 1.507e-02 0.614 3.027 2.071 1.011 0.396 -0.097 -0.825 -1.403 -1.485
0.0152 0.01508 10.01284 1.0293476582 2.4788579941    0.945  1.663  3.6724  2.392    4  0.000  0.473     0.00     0.00     0.00     0.00     0.00 -1    -1e-30      0.00 6.948e-01 2.901e-01 2.343e-03 1.058e-03 6.609e-03 -1.000 1.507e-02 0.614 3.027 2.071 1.011 0.396 -0.097 -0.825 -1.403 -1.485
0.0152 0.01508 10.01284 1.0293809175 2.4788646698    0.945  1.663  3.6724  2.392    4  0.000  0.473     0.00     0.00     0.00     0.00     0.00 -1    -1e-30      0.00 6.948e-01 2.901e-01 2.343e-03 1.058e-03 6.609e-03 -1.000 1.507e-02 0.612 3.027 2.070 1.010 0.394 -0.099 -0.826 -1.404 -1.487
0.0152 0.01508 10.01284 1.0294709206 2.4788820744    0.945  1.665  3.6722  2.389    4  0.000  0.473     0.00     0.00     0.00     0.00     0.00 -1    -1e-30      0.00 6.948e-01 2.901e-01 2.343e-03 1.058e-03 6.609e-03 -1.000 1.507e-02 0.607 3.025 2.066 1.006 0.390 -0.103 -0.831 -1.410 -1.492
0.0152 0.01508 10.01284 1.0295625925 2.4789001942    0.945  1.668  3.6720  2.386    4  0.000  0.473     0.00     0.00     0.00     0.00     0.00 -1    -1e-30      0.00 6.948e-01 2.901e-01 2.343e-03 1.058e-03 6.609e-03 -1.000 1.507e-02 0.601 3.024 2.062 1.000 0.384 -0.110 -0.839 -1.418 -1.501
0.0152 0.01508 10.01284 1.0296486616 2.4789168835    0.945  1.671  3.6718  2.382    4  0.000  0.473     0.00     0.00     0.00     0.00     0.00 -1    -1e-30      0.00 6.948e-01 2.901e-01 2.343e-03 1.058e-03 6.609e-03 -1.000 1.507e-02 0.593 3.023 2.058 0.994 0.377 -0.118 -0.848 -1.427 -1.510
0.0152 0.01508 10.01284 1.0297348499 2.4789338112    0.945  1.675  3.6714  2.377    4  0.000  0.473     0.00     0.00     0.00     0.00     0.00 -1    -1e-30      0.00 6.948e-01 2.901e-01 2.343e-03 1.058e-03 6.609e-03 -1.000 1.507e-02 0.583 3.022 2.052 0.986 0.368 -0.127 -0.858 -1.439 -1.522
0.0152 0.01508 10.01284 1.0298215151 2.4789507389    0.945  1.679  3.6710  2.370    4  0.000  0.473     0.00     0.00     0.00     0.00     0.00 -1    -1e-30      0.00 6.948e-01 2.901e-01 2.343e-03 1.058e-03 6.609e-03 -1.000 1.507e-02 0.571 3.021 2.045 0.977 0.357 -0.139 -0.872 -1.454 -1.537
0.0152 0.01508 10.01284 1.0299086571 2.4789679050    0.945  1.685  3.6704  2.362    4  0.000  0.473     0.00     0.00     0.00     0.00     0.00 -1    -1e-30      0.00 6.948e-01 2.901e-01 2.343e-03 1.058e-03 6.609e-03 -1.000 1.507e-02 0.558 3.021 2.038 0.966 0.345 -0.152 -0.887 -1.471 -1.554
0.0152 0.01508 10.01284 1.0299968719 2.4789850712    0.946  1.691  3.6698  2.354    4  0.000  0.473     0.00     0.00     0.00     0.00     0.00 -1    -1e-30      0.00 6.948e-01 2.901e-01 2.343e-03 1.058e-03 6.609e-03 -1.000 1.507e-02 0.542 3.021 2.029 0.954 0.331 -0.168 -0.905 -1.490 -1.574
0.0152 0.01508 10.01284 1.0300844908 2.4790022373    0.946  1.699  3.6691  2.344    4  0.000  0.473     0.00     0.00     0.00     0.00     0.00 -1    -1e-30      0.00 6.948e-01 2.901e-01 2.343e-03 1.058e-03 6.609e-03 -1.000 1.507e-02 0.524 3.021 2.020 0.941 0.315 -0.185 -0.925 -1.513 -1.597
0.0152 0.01508 10.01284 1.0301735401 2.4790196419    0.946  1.704  3.6686  2.336    4  0.000  0.473     0.00     0.00     0.00     0.00     0.00 -1    -1e-30      0.00 6.948e-01 2.901e-01 2.343e-03 1.058e-03 6.609e-03 -1.000 1.507e-02 0.511 3.022 2.013 0.931 0.303 -0.198 -0.940 -1.529 -1.613
0.0152 0.01508 10.01284 1.0302604437 2.4790365696    0.946  1.711  3.6679  2.326    4  0.000  0.473     0.00     0.00     0.00     0.00     0.00 -1    -1e-30      0.00 6.948e-01 2.901e-01 2.343e-03 1.058e-03 6.609e-03 -1.000 1.507e-02 0.491 3.022 2.003 0.917 0.286 -0.217 -0.961 -1.552 -1.637
0.0152 0.01508 10.01284 1.0303503275 2.4790542126    0.946  1.738  3.6654  2.289    4  0.000  0.473     0.00     0.00     0.00     0.00     0.00 -1    -1e-30      0.00 6.948e-01 2.901e-01 2.343e-03 1.058e-03 6.609e-03 -1.000 1.507e-02 0.424 3.021 1.967 0.866 0.227 -0.282 -1.036 -1.635 -1.722
0.0152 0.01508 10.01284 1.0304189920 2.4790675640    0.946  1.777  3.6618  2.237    4  0.000  0.473     0.00     0.00     0.00     0.00     0.00 -1    -1e-30      0.00 6.948e-01 2.901e-01 2.343e-03 1.058e-03 6.609e-03 -1.000 1.507e-02 0.328 3.020 1.916 0.794 0.142 -0.375 -1.143 -1.752 -1.840
0.0152 0.01508 10.01284 1.0304533243 2.4790742397    0.946  1.814  3.6582  2.184    4  0.000  0.473     0.00     0.00     0.00     0.00     0.00 -1    -1e-30      0.00 6.948e-01 2.901e-01 2.343e-03 1.058e-03 6.609e-03 -1.000 1.507e-02 0.234 3.024 1.868 0.724 0.059 -0.466 -1.248 -1.867 -1.959
0.0152 0.01508 10.01284 1.0304720402 2.4790780544    0.946  1.854  3.6546  2.130    4  0.000  0.473     0.00     0.00     0.00     0.00     0.00 -1    -1e-30      0.00 6.948e-01 2.901e-01 2.343e-03 1.058e-03 6.609e-03 -1.000 1.507e-02 0.134 3.027 1.818 0.651 -0.027 -0.561 -1.358 -1.988 -2.082
0.0152 0.01508 10.01284 1.0304820538 2.4790799618    0.946  1.894  3.6510  2.076    4  0.000  0.473     0.00     0.00     0.00     0.00     0.00 -1    -1e-30      0.00 6.948e-01 2.901e-01 2.343e-03 1.058e-03 6.609e-03 -1.000 1.507e-02 0.036 3.032 1.768 0.579 -0.112 -0.655 -1.466 -2.108 -2.204
0.0152 0.01508 10.01284 1.0304874182 2.4790809155    0.946  1.933  3.6475  2.023    4  0.000  0.473     0.00     0.00     0.00     0.00     0.00 -1    -1e-30      0.00 6.948e-01 2.901e-01 2.343e-03 1.058e-03 6.609e-03 -1.000 1.507e-02 -0.061 3.038 1.721 0.510 -0.196 -0.748 -1.573 -2.225 -2.324
0.0152 0.01508 10.01284 1.0304905176 2.4790816307    0.946  1.971  3.6440  1.971    4  0.000  0.473     0.00     0.00     0.00     0.00     0.00 -1    -1e-30      0.00 6.948e-01 2.901e-01 2.343e-03 1.058e-03 6.609e-03 -1.000 1.507e-02 -0.157 3.033 1.675 0.440 -0.277 -0.838 -1.677 -2.338 -2.440
0.0152 0.01508 10.01284 1.0304925442 2.4790818691    0.946  2.009  3.6407  1.919    4  0.000  0.473     0.00     0.00     0.00     0.00     0.00 -1    -1e-30      0.00 6.948e-01 2.901e-01 2.343e-03 1.058e-03 6.609e-03 -1.000 1.507e-02 -0.253 3.015 1.629 0.369 -0.358 -0.927 -1.780 -2.447 -2.554
0.0152 0.01508 10.01284 1.0304936171 2.4790821075    0.946  2.039  3.6381  1.879    7  0.000  0.473     0.00     0.00     0.00     0.00     0.00 -1    -1e-30      0.00 6.948e-01 2.901e-01 2.343e-03 1.058e-03 6.609e-03 -1.000 1.507e-02 -0.327 3.000 1.594 0.315 -0.419 -0.996 -1.860 -2.531 -2.642
0.0152 0.01508 10.01284 1.0304939747 2.4790823460    0.946  2.049  3.6372  1.866    7  0.000  0.473     0.00     0.00     0.00     0.00     0.00 -1    -1e-30      0.00 6.948e-01 2.901e-01 2.343e-03 1.058e-03 6.609e-03 -1.000 1.507e-02 -0.351 2.995 1.582 0.297 -0.440 -1.018 -1.886 -2.559 -2.671
0.0152 0.01508 10.01284 1.0304956436 2.4790825844    0.946  2.096  3.6331  1.803    7  0.000  0.473     0.00     0.00     0.00     0.00     0.00 -1    -1e-30      0.00 6.948e-01 2.901e-01 2.343e-03 1.058e-03 6.609e-03 -1.000 1.507e-02 -0.469 2.967 1.524 0.210 -0.537 -1.127 -2.012 -2.692 -2.811
0.0152 0.01508 10.01284 1.0304970741 2.4790828228    0.946  2.135  3.6297  1.749    7  0.000  0.473     0.00     0.00     0.00     0.00     0.00 -1    -1e-30      0.00 6.948e-01 2.901e-01 2.343e-03 1.058e-03 6.609e-03 -1.000 1.507e-02 -0.568 2.940 1.474 0.137 -0.619 -1.218 -2.118 -2.803 -2.928
0.0152 0.01508 10.01284 1.0305008888 2.4790835381    0.946  2.150  3.6285  1.730    7  0.000  0.473     0.00     0.00     0.00     0.00     0.00 -1    -1e-30      0.00 6.948e-01 2.901e-01 2.343e-03 1.058e-03 6.609e-03 -1.000 1.507e-02 -0.604 2.927 1.456 0.111 -0.647 -1.250 -2.155 -2.843 -2.970
0.0152 0.01508 10.01284 1.0305047035 2.4790842533    0.946  2.115  3.6315  1.777    7  0.000  0.473     0.00     0.00     0.00     0.00     0.00 -1    -1e-30      0.00 6.948e-01 2.901e-01 2.343e-03 1.058e-03 6.609e-03 -1.000 1.507e-02 -0.517 2.952 1.499 0.174 -0.577 -1.171 -2.063 -2.745 -2.867
0.0152 0.01508 10.01284 1.0305392742 2.4790911674    0.946  2.086  3.6340  1.816    7  0.000  0.473     0.00     0.00     0.00     0.00     0.00 -1 -7.98e-17      0.00 6.948e-01 2.892e-01 2.343e-03 1.058e-03 6.609e-03 -1.000 1.597e-02 -0.446 2.970 1.535 0.227 -0.518 -1.105 -1.987 -2.665 -2.782
0.0152 0.01508 10.01284 1.0305970907 2.4791023731    0.945  2.125  3.6306  1.763    7  0.000  0.473     0.00     0.00     0.00     0.00     0.00 -1  -7.8e-10      0.00 6.948e-01 2.888e-01 2.343e-03 1.058e-03 6.609e-03 -1.000 1.643e-02 -0.541 2.948 1.488 0.157 -0.596 -1.193 -2.089 -2.773 -2.896
0.0152 0.01508 10.01284 1.0306308270 2.4791090488    0.944  2.165  3.6270  1.707    7  0.000  0.473     0.00     0.00     0.00     0.00     0.00 -1  -9.7e-10      0.00 6.948e-01 2.888e-01 2.343e-03 1.058e-03 6.609e-03 -1.000 1.643e-02 -0.644 2.919 1.439 0.085 -0.678 -1.285 -2.198 -2.888 -3.018
0.0152 0.01508 10.01284 1.0306622982 2.4791152477    0.943  2.206  3.6234  1.652    7  0.000  0.473     0.00     0.00     0.00     0.00     0.00 -1 -1.19e-09      0.00 6.948e-01 2.888e-01 2.343e-03 1.058e-03 6.609e-03 -1.000 1.643e-02 -0.744 2.887 1.388 0.013 -0.758 -1.377 -2.304 -3.001 -3.137
0.0152 0.01508 10.01284 1.0306901932 2.4791204929    0.942  2.247  3.6198  1.596    7  0.000  0.473     0.00     0.00     0.00     0.00     0.00 -1 -1.47e-09      0.00 6.948e-01 2.888e-01 2.343e-03 1.058e-03 6.609e-03 -1.000 1.643e-02 -0.848 2.852 1.334 -0.062 -0.841 -1.470 -2.414 -3.117 -3.260
0.0152 0.01508 10.01284 1.0307141542 2.4791252613    0.940  2.289  3.6162  1.540    7  0.000  0.473     0.00     0.00     0.00     0.00     0.00 -1 -1.82e-09      0.00 6.948e-01 2.888e-01 2.343e-03 1.058e-03 6.609e-03 -1.000 1.643e-02 -0.951 2.815 1.282 -0.133 -0.920 -1.562 -2.523 -3.233 -3.383
0.0152 0.01508 10.01284 1.0307352543 2.4791293144    0.939  2.330  3.6126  1.483    7  0.000  0.473     0.00     0.00     0.00     0.00     0.00 -1 -2.25e-09      0.00 6.948e-01 2.888e-01 2.343e-03 1.058e-03 6.609e-03 -1.000 1.643e-02 -1.055 2.793 1.233 -0.202 -1.000 -1.654 -2.633 -3.350 -3.507
0.0152 0.01508 10.01284 1.0307539701 2.4791331291    0.937  2.372  3.6089  1.426    7  0.000  0.473     0.00     0.00     0.00     0.00     0.00 -1 -2.77e-09      0.00 6.948e-01 2.888e-01 2.343e-03 1.058e-03 6.609e-03 -1.000 1.643e-02 -1.159 2.805 1.191 -0.265 -1.078 -1.749 -2.745 -3.473 -3.635
0.0152 0.01508 10.01284 1.0307705402 2.4791362286    0.935  2.413  3.6053  1.369    7  0.000  0.473     0.00     0.00     0.00     0.00     0.00 -1 -3.44e-09      0.00 6.948e-01 2.888e-01 2.343e-03 1.058e-03 6.609e-03 -1.000 1.643e-02 -1.263 2.816 1.151 -0.325 -1.154 -1.844 -2.857 -3.596 -3.763
0.0152 0.01508 10.01284 1.0307853222 2.4791390896    0.933  2.455  3.6016  1.312    7  0.000  0.473     0.00     0.00     0.00     0.00     0.00 -1 -4.24e-09      0.00 6.948e-01 2.888e-01 2.343e-03 1.059e-03 6.609e-03 -1.000 1.643e-02 -1.367 2.829 1.113 -0.384 -1.228 -1.937 -2.969 -3.718 -3.891
0.0152 0.01508 10.01284 1.0307987928 2.4791417122    0.931  2.496  3.5978  1.255    7  0.000  0.473     0.00     0.00     0.00     0.00     0.00 -1 -5.19e-09      0.00 6.948e-01 2.888e-01 2.343e-03 1.059e-03 6.609e-03 -1.000 1.643e-02 -1.469 2.841 1.079 -0.437 -1.298 -2.030 -3.081 -3.840 -4.018
0.0152 0.01508 10.01284 1.0308111906 2.4791440964    0.929  2.536  3.5939  1.197    7  0.000  0.473    13.33     9.59     6.67     5.17     4.19  3 -6.37e-09      0.00 6.948e-01 2.888e-01 2.342e-03 1.059e-03 6.609e-03 -1.000 1.643e-02 -1.571 2.856 1.050 -0.483 -1.361 -2.120 -3.191 -3.961 -4.146
0.0152 0.01508 10.01284 1.0308228731 2.4791464806    0.926  2.577  3.5889  1.135    7  0.000  0.472    15.17    10.72     7.41     5.75     4.67  3 -7.83e-09      0.00 6.948e-01 2.888e-01 2.340e-03 1.060e-03 6.609e-03 -1.000 1.642e-02 -1.672 2.893 1.041 -0.511 -1.411 -2.206 -3.304 -4.088 -4.280
0.0152 0.01508 10.01284 1.0308340788 2.4791486263    0.923  2.618  3.5812  1.062    7  0.000  0.472    17.66    12.22     8.40     6.54     5.30  3  -9.5e-09      0.00 6.948e-01 2.888e-01 2.336e-03 1.062e-03 6.609e-03 -1.000 1.639e-02 -1.774 2.980 1.087 -0.485 -1.422 -2.282 -3.423 -4.229 -4.432
0.0152 0.01508 10.01284 1.0308446884 2.4791507721    0.919  2.658  3.5769  1.002    7  0.000  0.470    19.99    13.60     9.30     7.25     5.88  3 -1.16e-08      0.00 6.948e-01 2.888e-01 2.331e-03 1.069e-03 6.609e-03 -1.000 1.637e-02 -1.876 2.990 1.078 -0.502 -1.462 -2.368 -3.536 -4.352 -4.562
0.0152 0.01508 10.01284 1.0308545828 2.4791526794    0.914  2.699  3.5726  0.942    7  0.000  0.469    22.64    15.14    10.30     8.04     6.53  3 -1.43e-08      0.00 6.948e-01 2.888e-01 2.323e-03 1.078e-03 6.609e-03 -1.000 1.637e-02 -1.978 3.002 1.075 -0.513 -1.497 -2.454 -3.650 -4.476 -4.692
0.0152 0.01508 10.01284 1.0308637619 2.4791545868    0.909  2.740  3.5682  0.881    7  0.000  0.467    25.71    16.89    11.44     8.94     7.26  2 -1.76e-08      0.00 6.948e-01 2.888e-01 2.315e-03 1.087e-03 6.609e-03 -1.000 1.637e-02 -2.081 3.014 1.081 -0.511 -1.525 -2.537 -3.765 -4.601 -4.824
0.0152 0.01508 10.01284 1.0308718681 2.4791560173    0.904  2.785  3.5634  0.815    7  0.000  0.466    29.51    19.02    12.81    10.03     8.15  2 -2.19e-08      0.00 6.948e-01 2.888e-01 2.307e-03 1.096e-03 6.609e-03 -1.000 1.637e-02 -2.192 3.024 1.097 -0.492 -1.541 -2.624 -3.891 -4.737 -4.967
0.0152 0.01508 10.01284 1.0308774710 2.4791572094    0.899  2.829  3.5584  0.749    7  0.000  0.464    33.86    21.40    14.34    11.25     9.14  2 -2.71e-08      0.00 6.948e-01 2.888e-01 2.301e-03 1.104e-03 6.609e-03 -1.000 1.637e-02 -2.302 3.035 1.126 -0.459 -1.547 -2.706 -4.016 -4.872 -5.110
0.0152 0.01508 10.01284 1.0308814049 2.4791579247    0.895  2.870  3.5537  0.687    7  0.000  0.463    38.51    23.90    15.93    12.53    10.18  2 -3.28e-08      0.00 6.948e-01 2.888e-01 2.295e-03 1.111e-03 6.609e-03 -1.000 1.637e-02 -2.404 3.044 1.170 -0.404 -1.537 -2.776 -4.132 -4.998 -5.244
0.0152 0.01508 10.01284 1.0308847427 2.4791586399    0.891  2.910  3.5488  0.625    7  0.000  0.462    43.81    26.70    17.71    13.95    11.34  2 -3.99e-08      0.00 6.948e-01 2.888e-01 2.290e-03 1.117e-03 6.609e-03 -1.000 1.637e-02 -2.506 3.054 1.223 -0.337 -1.519 -2.841 -4.248 -5.123 -5.377
0.0152 0.01508 10.01284 1.0308878422 2.4791591167    0.887  2.951  3.5438  0.562    7  0.000  0.461    49.92    29.86    19.70    15.55    12.64  2 -4.82e-08      0.00 6.948e-01 2.888e-01 2.286e-03 1.122e-03 6.609e-03 -1.000 1.637e-02 -2.607 3.064 1.300 -0.238 -1.480 -2.892 -4.365 -5.248 -5.511
0.0152 0.01508 10.01284 1.0308905840 2.4791595936    0.882  2.989  3.5390  0.502    7  0.000  0.461    56.60    33.26    21.83    17.26    14.03  2 -5.77e-08      0.00 6.948e-01 2.888e-01 2.284e-03 1.125e-03 6.609e-03 -1.000 1.637e-02 -2.703 3.074 1.381 -0.134 -1.439 -2.937 -4.477 -5.368 -5.639
0.0152 0.01508 10.01284 1.0308930874 2.4791603088    0.876  3.025  3.5342  0.444    7  0.000  0.461    63.86    36.87    24.09    19.08    15.52  1  -6.9e-08      0.00 6.948e-01 2.889e-01 2.282e-03 1.127e-03 6.609e-03 -1.000 1.633e-02 -2.793 3.089 1.493 0.006 -1.374 -2.960 -4.584 -5.481 -5.761
0.0152 0.01508 10.01284 1.0308955908 2.4791607857    0.869  3.060  3.5293  0.386    7  0.000  0.460    72.02    40.86    26.56    21.08    17.15  1 -8.16e-08      0.00 6.948e-01 2.889e-01 2.282e-03 1.128e-03 6.609e-03 -1.000 1.633e-02 -2.881 3.106 1.614 0.158 -1.302 -2.976 -4.689 -5.592 -5.881
0.0152 0.01508 10.01284 1.0308983326 2.4791612625    0.861  3.096  3.5242  0.326    7  0.000  0.460    81.65    45.46    29.41    23.38    19.02  1  -9.8e-08      0.00 6.948e-01 2.889e-01 2.282e-03 1.128e-03 6.609e-03 -1.000 1.633e-02 -2.970 3.124 1.775 0.357 -1.204 -2.960 -4.796 -5.704 -6.004
0.0152 0.01508 10.01284 1.0309011936 2.4791617393    0.850  3.131  3.5191  0.265    7  0.000  0.460    92.65    50.61    32.57    25.95    21.11  1 -1.18e-07      0.00 6.948e-01 2.889e-01 2.282e-03 1.128e-03 6.609e-03 -1.000 1.633e-02 -3.058 3.147 1.950 0.574 -1.095 -2.933 -4.900 -5.814 -6.125
0.0152 0.01508 10.01284 1.0309041739 2.4791624546    0.837  3.163  3.5140  0.205    7  0.000  0.460   104.71    56.10    35.92    28.68    23.34  1  -1.4e-07      0.00 6.948e-01 2.889e-01 2.282e-03 1.128e-03 6.609e-03 -1.000 1.633e-02 -3.138 3.176 2.158 0.840 -0.952 -2.864 -4.997 -5.916 -6.237
0.0152 0.01508 10.01284 1.0309073925 2.4791629314    0.819  3.211  3.5064  0.118    7  0.000  0.460   125.41    65.30    41.51    33.24    27.06  1 -1.81e-07      0.00 6.948e-01 2.889e-01 2.282e-03 1.128e-03 6.609e-03 -1.000 1.633e-02 -3.256 3.211 2.445 1.206 -0.754 -2.764 -5.140 -6.066 -6.403
0.0152 0.01508 10.01284 1.0309092999 2.4791634083    0.804  3.321  3.4886 -0.072    7  0.000  0.460   172.74    91.62    57.34    46.17    37.61  1 -2.97e-07      0.00 6.948e-01 2.889e-01 2.282e-03 1.128e-03 6.609e-03 -1.000 1.633e-02 -3.533 3.268 3.022 1.901 -0.365 -2.517 -5.469 -6.415 -6.786
0.0152 0.01508 10.01284 1.0309098959 2.4791634083    0.797  3.336  3.4856 -0.102    7  0.000  0.460   180.54    96.63    60.31    48.63    39.61  1 -3.23e-07      0.00 6.948e-01 2.889e-01 2.282e-03 1.128e-03 6.609e-03 -1.000 1.633e-02 -3.571 3.281 3.087 1.951 -0.332 -2.489 -5.516 -6.464 -6.839
0.0152 0.01508 10.01284 1.0309100151 2.4791634083    0.795  3.348  3.4837 -0.123    7  0.000  0.460   186.30   100.30    62.50    50.42    41.07  1 -3.41e-07      0.00 6.948e-01 2.889e-01 2.282e-03 1.128e-03 6.609e-03 -1.000 1.633e-02 -3.601 3.284 3.125 1.978 -0.315 -2.477 -5.551 -6.502 -6.880
0.0152 0.01508 10.01284 1.0309101343 2.4791636467    0.795  3.304  3.4899 -0.054    7  0.000  0.460   167.50    88.54    55.48    44.67    36.38  1 -2.86e-07      0.00 6.948e-01 2.889e-01 2.282e-03 1.128e-03 6.609e-03 -1.000 1.633e-02 -3.490 3.286 3.019 1.905 -0.354 -2.502 -5.423 -6.368 -6.736
0.0152 0.01508 10.01284 1.0309102535 2.4791636467    0.792  3.325  3.4866 -0.090    7  0.000  0.460   176.70    94.33    58.93    47.51    38.70  1 -3.14e-07      0.00 6.948e-01 2.889e-01 2.282e-03 1.128e-03 6.609e-03 -1.000 1.633e-02 -3.542 3.290 3.080 1.949 -0.328 -2.483 -5.484 -6.432 -6.805
0.0152 0.01508 10.01284 1.0309104919 2.4791636467    0.789  3.348  3.4831 -0.128    7  0.000  0.460   187.27   101.04    62.93    50.78    41.37  1 -3.47e-07      0.00 6.948e-01 2.889e-01 2.282e-03 1.128e-03 6.609e-03 -1.000 1.633e-02 -3.600 3.295 3.146 1.997 -0.300 -2.463 -5.552 -6.503 -6.882
0.0152 0.01508 10.01284 1.0309106112 2.4791636467    0.787  3.366  3.4801 -0.160    7  0.000  0.460   196.41   106.91    66.41    53.64    43.71  1 -3.77e-07      0.01 6.948e-01 2.889e-01 2.282e-03 1.128e-03 6.609e-03 -1.000 1.633e-02 -3.646 3.301 3.203 2.037 -0.275 -2.444 -5.606 -6.560 -6.944
0.0152 0.01508 10.01284 1.0309108496 2.4791636467    0.783  3.387  3.4767 -0.196    7  0.524  0.460   207.34   114.02    70.61    57.10    46.53  0 -4.16e-07      0.01 6.948e-01 2.889e-01 2.282e-03 1.128e-03 6.609e-03 -1.000 1.633e-02 -3.697 3.308 3.255 2.070 -0.257 -2.435 -5.667 -6.622 -7.012
0.0152 0.01508 10.01284 1.0309112072 2.4791636467    0.777  3.406  3.4735 -0.232    7  0.524  0.460   218.39   121.31    74.91    60.65    49.42  0 -4.57e-07      0.01 6.948e-01 2.889e-01 2.282e-03 1.128e-03 6.609e-03 -1.000 1.633e-02 -3.745 3.316 3.306 2.102 -0.238 -2.425 -5.723 -6.681 -7.076
0.0152 0.01508 10.01284 1.0309114456 2.4791638851    0.770  3.425  3.4701 -0.268    7  0.522  0.460   230.16   129.20    79.53    64.48    52.55  0 -5.01e-07      0.01 6.948e-01 2.889e-01 2.282e-03 1.128e-03 6.609e-03 -1.000 1.633e-02 -3.792 3.327 3.362 2.138 -0.215 -2.410 -5.779 -6.739 -7.139
0.0152 0.01508 10.01284 1.0309118032 2.4791638851    0.764  3.437  3.4678 -0.293    7  0.522  0.460   238.27    -1.00    -1.00    -1.00    -1.00  0 -5.37e-07      0.01 6.948e-01 2.889e-01 2.282e-03 1.128e-03 6.609e-03 -1.000 1.633e-02 -3.822 3.332 3.393 2.158 -0.203 -2.406 -5.815 -6.775 -7.179
0.0152 0.01508 10.01284 1.0309119225 2.4791638851    0.764  3.437  3.4678 -0.293    8  0.522  0.482   238.26    -1.00    -1.00    -1.00    -1.00  0 -5.42e-07      0.01 6.948e-01 2.902e-01 2.393e-03 1.130e-03 6.624e-03 -1.000 1.502e-02 -3.822 3.332 3.393 2.159 -0.203 -2.405 -5.815 -6.775 -7.179
0.0152 0.01508 10.01284 1.0309119225 2.4791638851    0.763  3.163  3.5075  0.139    8  0.522  0.482   118.69    61.75    39.29    31.52    25.64  1 -1.83e-07      0.00 6.948e-01 2.902e-01 2.393e-03 1.130e-03 6.624e-03 -1.000 1.502e-02 -3.138 3.302 2.506 1.259 -0.679 -2.676 -5.018 -5.944 -6.278
0.0152 0.01508 10.01284 1.0309119225 2.4791638851    0.763  3.032  3.5274  0.350    8  0.522  0.482    75.81    42.16    27.29    21.77    17.69  1 -1.07e-07      0.00 6.948e-01 2.902e-01 2.393e-03 1.130e-03 6.624e-03 -1.000 1.502e-02 -2.809 3.230 1.786 0.341 -1.159 -2.864 -4.624 -5.529 -5.822
0.0152 0.01508 10.01284 1.0309120417 2.4791638851    0.762  2.872  3.5515  0.606    8  0.522  0.482    44.03    26.55    17.55    13.90    11.29  1  -5.5e-08      0.00 6.948e-01 2.902e-01 2.393e-03 1.130e-03 6.624e-03 -1.000 1.502e-02 -2.410 3.130 1.243 -0.339 -1.495 -2.768 -4.145 -5.013 -5.264
0.0152 0.01508 10.01284 1.0309120417 2.4791638851    0.761  2.899  3.5474  0.561    8  0.522  0.482    48.38    28.76    18.94    15.02    12.20  1  -6.2e-08      0.00 6.948e-01 2.902e-01 2.393e-03 1.130e-03 6.624e-03 -1.000 1.502e-02 -2.478 3.150 1.314 -0.251 -1.452 -2.799 -4.226 -5.101 -5.360
0.0152 0.01508 10.01284 1.0309121609 2.4791638851    0.759  3.028  3.5278  0.354    8  0.522  0.482    75.23    41.86    27.10    21.62    17.57  1 -1.07e-07      0.00 6.948e-01 2.902e-01 2.393e-03 1.130e-03 6.624e-03 -1.000 1.502e-02 -2.800 3.233 1.778 0.330 -1.163 -2.863 -4.613 -5.517 -5.810
0.0152 0.01508 10.01284 1.0309122801 2.4791638851    0.757  3.186  3.5037  0.098    8  0.522  0.482   129.45    66.41    42.11    33.83    27.52  1 -2.06e-07      0.00 6.948e-01 2.902e-01 2.393e-03 1.130e-03 6.624e-03 -1.000 1.502e-02 -3.195 3.316 2.636 1.425 -0.588 -2.626 -5.087 -6.016 -6.358
0.0152 0.01508 10.01284 1.0309123993 2.4791638851    0.755  3.314  3.4842 -0.109    8  0.522  0.482   178.97    96.51    60.17    48.61    39.58  1 -3.44e-07      0.00 6.948e-01 2.902e-01 2.393e-03 1.130e-03 6.624e-03 -1.000 1.502e-02 -3.515 3.355 3.187 2.045 -0.244 -2.404 -5.463 -6.414 -6.791
0.0152 0.01508 10.01284 1.0309125185 2.4791638851    0.752  3.394  3.4719 -0.240    8  0.522  0.482   218.56   122.04    75.28    61.03    49.72  0 -4.75e-07      0.01 6.948e-01 2.902e-01 2.393e-03 1.130e-03 6.624e-03 -1.000 1.502e-02 -3.714 3.365 3.376 2.165 -0.179 -2.368 -5.696 -6.655 -7.052
0.0152 0.01508 10.01284 1.0309127569 2.4791641235    0.750  3.433  3.4658 -0.305    8  0.523  0.482   230.37    -1.00    -1.00    -1.00    -1.00  0 -5.59e-07      0.01 6.948e-01 2.902e-01 2.393e-03 1.130e-03 6.624e-03 -1.000 1.502e-02 -3.812 3.361 3.445 2.205 -0.162 -2.369 -5.809 -6.771 -7.176
0.0152 0.01508 10.01284 1.0309128761 2.4791641235    0.746  3.448  3.4634 -0.331    8  0.523  0.482   228.55    -1.00    -1.00    -1.00    -1.00  0    -6e-07      0.01 6.948e-01 2.902e-01 2.393e-03 1.130e-03 6.624e-03 -1.000 1.502e-02 -3.849 3.370 3.479 2.223 -0.153 -2.369 -5.853 -6.815 -7.225
0.0152 0.01508 10.01284 1.0309131145 2.4791641235    0.743  3.453  3.4623 -0.343    8  0.523  0.482   226.55    -1.00    -1.00    -1.00    -1.00  0 -6.23e-07      0.01 6.948e-01 2.902e-01 2.393e-03 1.130e-03 6.624e-03 -1.000 1.502e-02 -3.863 3.378 3.497 2.235 -0.147 -2.366 -5.869 -6.833 -7.244
0.0152 0.01508 10.01284 1.0309131145 2.4791641235    0.742  3.235  3.4955  0.008    8  0.523  0.482   148.39    77.71    48.91    39.40    32.07  1 -2.65e-07      0.00 6.948e-01 2.902e-01 2.393e-03 1.130e-03 6.624e-03 -1.000 1.502e-02 -3.316 3.355 2.924 1.777 -0.389 -2.497 -5.231 -6.171 -6.528
0.0152 0.01508 10.01284 1.0309131145 2.4791641235    0.742  3.051  3.5233  0.302    8  0.523  0.482    83.60    45.68    29.44    23.54    19.13  1 -1.27e-07      0.00 6.948e-01 2.902e-01 2.393e-03 1.130e-03 6.624e-03 -1.000 1.502e-02 -2.859 3.268 1.940 0.525 -1.057 -2.829 -4.687 -5.596 -5.898
0.0152 0.01508 10.01284 1.0309132338 2.4791641235    0.741  2.892  3.5475  0.558    8  0.523  0.482    48.49    28.75    18.92    15.03    12.20  1 -6.52e-08      0.00 6.948e-01 2.902e-01 2.393e-03 1.130e-03 6.624e-03 -1.000 1.502e-02 -2.459 3.170 1.330 -0.236 -1.437 -2.781 -4.207 -5.082 -5.340
0.0152 0.01508 10.01284 1.0309133530 2.4791641235    0.739  2.919  3.5434  0.514    8  0.523  0.482    53.25    31.13    20.41    16.23    13.18  1 -7.36e-08      0.00 6.948e-01 2.902e-01 2.393e-03 1.130e-03 6.624e-03 -1.000 1.502e-02 -2.527 3.189 1.408 -0.139 -1.389 -2.808 -4.287 -5.169 -5.434
0.0152 0.01508 10.01284 1.0309133530 2.4791641235    0.737  3.046  3.5239  0.307    8  0.523  0.482    82.64    45.20    29.14    23.30    18.93  1 -1.26e-07      0.00 6.948e-01 2.902e-01 2.393e-03 1.130e-03 6.624e-03 -1.000 1.502e-02 -2.846 3.270 1.922 0.501 -1.068 -2.830 -4.672 -5.581 -5.881
0.0152 0.01508 10.01284 1.0309135914 2.4791641235    0.735  3.203  3.5000  0.053    8  0.523  0.482   137.97    71.49    45.15    36.34    29.57  1 -2.41e-07      0.00 6.948e-01 2.902e-01 2.393e-03 1.130e-03 6.624e-03 -1.000 1.502e-02 -3.238 3.352 2.791 1.614 -0.478 -2.555 -5.141 -6.075 -6.424
0.0152 0.01508 10.01284 1.0309137106 2.4791641235    0.732  3.330  3.4806 -0.153    8  0.523  0.482   189.38   103.62    64.35    52.10    42.42  0 -4.03e-07      0.01 6.948e-01 2.902e-01 2.393e-03 1.130e-03 6.624e-03 -1.000 1.502e-02 -3.555 3.387 3.278 2.114 -0.196 -2.364 -5.514 -6.467 -6.851
0.0152 0.01508 10.01284 1.0309138298 2.4791643620    0.729  3.409  3.4685 -0.282    8  0.523  0.482   219.13    -1.00    -1.00    -1.00    -1.00  0 -5.55e-07      0.01 6.948e-01 2.902e-01 2.393e-03 1.130e-03 6.624e-03 -1.000 1.502e-02 -3.753 3.393 3.444 2.213 -0.147 -2.347 -5.743 -6.704 -7.106
0.0152 0.01508 10.01284 1.0309140682 2.4791643620    0.725  3.448  3.4626 -0.347    8  0.524  0.482   217.19    -1.00    -1.00    -1.00    -1.00  0 -6.53e-07      0.01 6.948e-01 2.902e-01 2.393e-03 1.130e-03 6.624e-03 -1.000 1.502e-02 -3.849 3.403 3.516 2.251 -0.132 -2.352 -5.853 -6.817 -7.229
0.0152 0.01508 10.01284 1.0309143066 2.4791643620    0.721  3.462  3.4602 -0.373    8  0.524  0.482   215.04    -1.00    -1.00    -1.00    -1.00  0 -7.02e-07      0.02 6.948e-01 2.902e-01 2.393e-03 1.130e-03 6.624e-03 -1.000 1.502e-02 -3.885 3.416 3.552 2.272 -0.122 -2.350 -5.894 -6.860 -7.276
0.0152 0.01508 10.01284 1.0309145451 2.4791643620    0.717  3.467  3.4593 -0.384    8  0.524  0.482   212.68    -1.00    -1.00    -1.00    -1.00  0  -7.3e-07      0.02 6.948e-01 2.902e-01 2.393e-03 1.130e-03 6.624e-03 -1.000 1.502e-02 -3.898 3.425 3.567 2.283 -0.117 -2.349 -5.909 -6.875 -7.293
0.0152 0.01508 10.01284 1.0309145451 2.4791643620    0.717  3.252  3.4922 -0.037    8  0.524  0.482   157.22    83.64    52.42    42.33    34.45  1 -3.16e-07      0.00 6.948e-01 2.902e-01 2.393e-03 1.130e-03 6.624e-03 -1.000 1.502e-02 -3.359 3.387 3.050 1.920 -0.304 -2.437 -5.284 -6.227 -6.591
0.0152 0.01508 10.01284 1.0309145451 2.4791643620    0.716  3.069  3.5201  0.256    8  0.524  0.482    91.65    49.18    31.57    25.30    20.56  1 -1.52e-07      0.00 6.948e-01 2.902e-01 2.393e-03 1.130e-03 6.624e-03 -1.000 1.502e-02 -2.903 3.302 2.060 0.666 -0.981 -2.807 -4.742 -5.654 -5.964
0.0152 0.01508 10.01284 1.0309146643 2.4791643620    0.715  2.909  3.5445  0.513    8  0.524  0.482    53.02    30.92    20.27    16.13    13.09  1 -7.87e-08      0.00 6.948e-01 2.902e-01 2.393e-03 1.130e-03 6.624e-03 -1.000 1.502e-02 -2.504 3.200 1.396 -0.159 -1.397 -2.795 -4.261 -5.141 -5.404
0.0152 0.01508 10.01284 1.0309147835 2.4791643620    0.713  2.936  3.5404  0.468    8  0.524  0.482    58.22    33.46    21.85    17.42    14.14  1 -8.88e-08      0.00 6.948e-01 2.902e-01 2.393e-03 1.130e-03 6.624e-03 -1.000 1.502e-02 -2.570 3.220 1.477 -0.059 -1.348 -2.822 -4.341 -5.227 -5.498
0.0152 0.01508 10.01284 1.0309149027 2.4791643620    0.710  3.063  3.5210  0.263    8  0.524  0.482    90.25    48.50    31.14    24.96    20.28  1 -1.52e-07      0.00 6.948e-01 2.902e-01 2.393e-03 1.130e-03 6.624e-03 -1.000 1.502e-02 -2.887 3.301 2.030 0.627 -1.001 -2.811 -4.723 -5.634 -5.942
0.0152 0.01508 10.01284 1.0309150219 2.4791646004    0.707  3.219  3.4972  0.010    8  0.524  0.482   145.42    76.51    48.13    38.84    31.60  1 -2.89e-07      0.00 6.948e-01 2.902e-01 2.393e-03 1.130e-03 6.624e-03 -1.000 1.502e-02 -3.276 3.383 2.899 1.737 -0.405 -2.504 -5.186 -6.123 -6.479
0.0152 0.01508 10.01284 1.0309152603 2.4791646004    0.704  3.344  3.4780 -0.195    8  0.524  0.482   199.34   110.68    68.47    55.57    45.24  0 -4.81e-07      0.01 6.948e-01 2.902e-01 2.393e-03 1.130e-03 6.624e-03 -1.000 1.502e-02 -3.591 3.419 3.344 2.160 -0.167 -2.343 -5.555 -6.510 -6.900
0.0152 0.01508 10.01284 1.0309153795 2.4791646004    0.700  3.422  3.4660 -0.324    8  0.525  0.482   203.39    -1.00    -1.00    -1.00    -1.00  0 -6.64e-07      0.02 6.948e-01 2.902e-01 2.393e-03 1.130e-03 6.624e-03 -1.000 1.502e-02 -3.786 3.434 3.505 2.253 -0.123 -2.334 -5.781 -6.743 -7.152
0.0152 0.01508 10.01284 1.0309156179 2.4791646004    0.695  3.460  3.4602 -0.388    8  0.525  0.482   200.97    -1.00    -1.00    -1.00    -1.00  0 -7.84e-07      0.02 6.948e-01 2.902e-01 2.393e-03 1.130e-03 6.624e-03 -1.000 1.502e-02 -3.881 3.455 3.584 2.295 -0.106 -2.336 -5.889 -6.855 -7.274
0.0152 0.01508 10.01284 1.0309159756 2.4791646004    0.690  3.474  3.4581 -0.413    8  0.525  0.482   198.30    -1.00    -1.00    -1.00    -1.00  0 -8.47e-07      0.02 6.948e-01 2.902e-01 2.393e-03 1.130e-03 6.624e-03 -1.000 1.502e-02 -3.916 3.468 3.614 2.317 -0.099 -2.340 -5.928 -6.895 -7.318
0.0152 0.01508 10.01284 1.0309162140 2.4791646004    0.684  3.479  3.4574 -0.424    8  0.525  0.482   195.39    -1.00    -1.00    -1.00    -1.00  0 -8.86e-07      0.02 6.948e-01 2.902e-01 2.393e-03 1.130e-03 6.624e-03 -1.000 1.502e-02 -3.928 3.483 3.630 2.328 -0.095 -2.340 -5.940 -6.908 -7.333
0.0152 0.01508 10.01284 1.0309162140 2.4791646004    0.684  3.268  3.4901 -0.083    8  0.525  0.482   165.83    89.67    55.96    45.32    36.87  1  -3.9e-07      0.01 6.948e-01 2.902e-01 2.393e-03 1.130e-03 6.624e-03 -1.000 1.502e-02 -3.400 3.417 3.138 2.014 -0.254 -2.405 -5.330 -6.275 -6.646
0.0152 0.01508 10.01284 1.0309162140 2.4791646004    0.683  3.086  3.5182  0.211    8  0.525  0.482   100.10    52.67    33.67    27.06    21.98  1 -1.89e-07      0.00 6.948e-01 2.902e-01 2.393e-03 1.130e-03 6.624e-03 -1.000 1.502e-02 -2.945 3.322 2.135 0.754 -0.940 -2.795 -4.790 -5.703 -6.018
0.0152 0.01508 10.01284 1.0309163332 2.4791648388    0.681  2.926  3.5430  0.469    8  0.525  0.482    57.62    33.03    21.56    17.21    13.96  1 -9.83e-08      0.00 6.948e-01 2.902e-01 2.393e-03 1.130e-03 6.624e-03 -1.000 1.502e-02 -2.545 3.212 1.416 -0.140 -1.398 -2.823 -4.308 -5.189 -5.456
0.0152 0.01508 10.01284 1.0309164524 2.4791648388    0.679  2.953  3.5391  0.426    8  0.525  0.482    63.24    35.71    23.23    18.56    15.07  1 -1.11e-07      0.00 6.948e-01 2.902e-01 2.393e-03 1.130e-03 6.624e-03 -1.000 1.502e-02 -2.612 3.231 1.500 -0.036 -1.347 -2.847 -4.387 -5.275 -5.548
0.0152 0.01508 10.01284 1.0309165716 2.4791648388    0.676  3.078  3.5198  0.221    8  0.526  0.482    97.90    51.63    33.03    26.54    21.56  1 -1.89e-07      0.00 6.948e-01 2.902e-01 2.393e-03 1.130e-03 6.624e-03 -1.000 1.502e-02 -2.926 3.315 2.069 0.668 -0.989 -2.822 -4.766 -5.677 -5.989
0.0152 0.01508 10.01284 1.0309166908 2.4791648388    0.673  3.232  3.4961 -0.030    8  0.526  0.482   151.99    81.21    50.89    41.18    33.49  1 -3.58e-07      0.01 6.948e-01 2.902e-01 2.393e-03 1.130e-03 6.624e-03 -1.000 1.502e-02 -3.311 3.404 2.947 1.784 -0.387 -2.497 -5.223 -6.162 -6.521
0.0152 0.01508 10.01284 1.0309169292 2.4791648388    0.669  3.357  3.4770 -0.234    8  0.526  0.482   187.43    -1.00    -1.00    -1.00    -1.00  0 -5.95e-07      0.01 6.948e-01 2.902e-01 2.393e-03 1.130e-03 6.624e-03 -1.000 1.502e-02 -3.622 3.452 3.382 2.180 -0.162 -2.345 -5.587 -6.544 -6.938
0.0152 0.01508 10.01284 1.0309170485 2.4791648388    0.664  3.434  3.4653 -0.361    8  0.526  0.482   185.04    -1.00    -1.00    -1.00    -1.00  0 -8.22e-07      0.02 6.948e-01 2.902e-01 2.393e-03 1.130e-03 6.624e-03 -1.000 1.502e-02 -3.815 3.480 3.546 2.272 -0.119 -2.337 -5.809 -6.773 -7.187
0.0152 0.01508 10.01284 1.0309172869 2.4791648388    0.659  3.471  3.4599 -0.423    8  0.526  0.482   182.38    -1.00    -1.00    -1.00    -1.00  0 -9.74e-07      0.03 6.948e-01 2.902e-01 2.393e-03 1.130e-03 6.624e-03 -1.000 1.502e-02 -3.909 3.527 3.637 2.322 -0.097 -2.335 -5.910 -6.881 -7.306
0.0152 0.01508 10.01284 1.0309176445 2.4791650772    0.653  3.485  3.4583 -0.447    8  0.526  0.482   179.43    -1.00    -1.00    -1.00    -1.00  0 -1.06e-06      0.03 6.948e-01 2.902e-01 2.393e-03 1.130e-03 6.624e-03 -1.000 1.502e-02 -3.943 3.545 3.663 2.340 -0.094 -2.342 -5.946 -6.918 -7.348
0.0152 0.01508 10.01284 1.0309178829 2.4791650772    0.646  3.490  3.4582 -0.457    8  0.527  0.482   176.24    -1.00    -1.00    -1.00    -1.00  0 -1.11e-06      0.04 6.948e-01 2.902e-01 2.393e-03 1.130e-03 6.624e-03 -1.000 1.502e-02 -3.955 3.559 3.671 2.342 -0.097 -2.347 -5.956 -6.928 -7.360
0.0152 0.01508 10.01284 1.0309206247 2.4791655540    0.529 -9.999  4.0000  1.863    9  0.529  0.000     0.00     0.00     0.00     0.00     0.00 -1    -1e-30      0.00 6.948e-01 2.902e-01 2.393e-03 1.130e-03 6.624e-03 -1.000 1.502e-02 29.767 29.720 29.983 30.032 30.020 30.018 30.066 30.065 30.082
#isochrone terminated
