# File generated by CMD 3.6 (http://stev.oapd.inaf.it/cmd) on Sun Dec 12 13:45:41 CET 2021
# isochrones based on PARSEC release v1.2S +  COLIBRI S_37 + S_35 + PR16
# Basic references: Bressan et al. (2012), MNRAS, 427, 127 + Chen et al. (2014, 2015), MNRAS, 444, 2525 + MNRAS, 452, 1068 + Tang et al. (2014), MNRAS, 445, 4287 + Marigo et al. (2017), ApJ, 835, 77 + Pastorelli al. (2019), MNRAS, 485, 5666 + Pastorelli al. (2020), MNRAS, in press
# Thermal pulse cycles included 
# On RGB, assumed Reimers mass loss with efficiency eta=0.2
# LPV periods and growth rates added cf. Trabucchi et al. (2019)
# but fundamental-mode LPV periods are from Trabucchi et al. (2021)
# Photometric system: <i>UBVRIJHK</i> (cf. Maiz-Apellaniz 2006 + Bessell 1990)
# Using YBC version of bolometric corrections as in Chen et al. (2019)
# O-rich circumstellar dpmod60alox40 dust from Groenewegen (2006)
# C-rich circumstellar AMCSIC15 dust from Groenewegen (2006)
# IMF: Kroupa (2001, 2002) + Kroupa et al. (2013) canonical two-part-power law IMF corrected for unresolved binaries 
# Kind of output: isochrone tables
Zini     MH   logAge Mini        int_IMF         Mass   logL    logTe  logg  label   McoreTP C_O  period0  period1  period2  period3  period4  pmode  Mloss  tau1m   X   Y   Xc  Xn  Xo  Cexcess  Z 	 mbolmag  Umag    Bmag    Vmag    Rmag    Imag    Jmag    Hmag    Kmag
0.0152 0.01508 10.04139 0.0900000036 1.0816895962    0.090 -3.423  3.3625  5.217    1  0.000  0.545     0.00     0.00     0.00     0.00     0.00 -1  -3.9e-17      0.00 7.079e-01 2.768e-01 2.746e-03 7.408e-04 6.719e-03 -1.000 1.527e-02 13.327 22.603 19.980 18.142 15.989 13.739 11.236 10.621 10.332
0.0152 0.01508 10.04139 0.1000000015 1.1711064577    0.100 -3.240  3.3884  5.184    1  0.000  0.545     0.00     0.00     0.00     0.00     0.00 -1  -1.6e-18      0.00 7.074e-01 2.773e-01 2.746e-03 7.408e-04 6.719e-03 -1.000 1.527e-02 12.870 22.084 19.496 17.668 15.527 13.282 10.781 10.167 9.874
0.0152 0.01508 10.04139 0.1055055186 1.2155165672    0.105 -3.162  3.3987  5.170    1  0.000  0.545     0.00     0.00     0.00     0.00     0.00 -1 -4.49e-18      0.00 7.072e-01 2.776e-01 2.746e-03 7.408e-04 6.719e-03 -1.000 1.527e-02 12.676 21.863 19.290 17.466 15.330 13.088 10.587 9.973 9.679
0.0152 0.01508 10.04139 0.1200000122 1.3193155527    0.120 -2.975  3.4233  5.137    1  0.000  0.545     0.00     0.00     0.00     0.00     0.00 -1 -1.04e-16      0.00 7.065e-01 2.782e-01 2.746e-03 7.408e-04 6.719e-03 -1.000 1.527e-02 12.208 20.999 18.566 16.772 14.721 12.536 10.134 9.521 9.222
0.0152 0.01508 10.04139 0.1400000006 1.4384527206    0.140 -2.791  3.4435  5.101    1  0.000  0.545     0.00     0.00     0.00     0.00     0.00 -1 -1.53e-16      0.00 7.057e-01 2.791e-01 2.746e-03 7.408e-04 6.719e-03 -1.000 1.527e-02 11.749 19.454 17.349 15.644 13.830 11.815 9.722 9.107 8.807
0.0152 0.01508 10.04139 0.1482465565 1.4813030958    0.148 -2.731  3.4494  5.089    1  0.000  0.545     0.00     0.00     0.00     0.00     0.00 -1 -1.73e-16      0.00 7.053e-01 2.794e-01 2.746e-03 7.408e-04 6.719e-03 -1.000 1.527e-02 11.597 19.017 16.994 15.313 13.562 11.596 9.584 8.968 8.669
0.0152 0.01508 10.04139 0.1599999964 1.5372931957    0.160 -2.650  3.4571  5.072    1  0.000  0.545     0.00     0.00     0.00     0.00     0.00 -1 -2.05e-16      0.00 7.049e-01 2.798e-01 2.746e-03 7.408e-04 6.719e-03 -1.000 1.527e-02 11.394 18.445 16.528 14.870 13.203 11.310 9.401 8.784 8.487
0.0152 0.01508 10.04139 0.2000000030 1.6938791275    0.200 -2.429  3.4759  5.024    1  0.000  0.545     0.00     0.00     0.00     0.00     0.00 -1 -3.22e-16      0.00 7.037e-01 2.810e-01 2.746e-03 7.408e-04 6.719e-03 -1.000 1.527e-02 10.843 17.099 15.399 13.801 12.316 10.590 8.895 8.276 7.988
0.0152 0.01508 10.04139 0.2500000000 1.8403258324    0.250 -2.215  3.4922  4.972    1  0.000  0.545     0.00     0.00     0.00     0.00     0.00 -1 -9.23e-18      0.00 7.028e-01 2.819e-01 2.746e-03 7.408e-04 6.719e-03 -1.000 1.527e-02 10.308 15.979 14.427 12.864 11.511 9.937 8.401 7.779 7.502
0.0152 0.01508 10.04139 0.3000000119 1.9529139996    0.300 -2.050  3.5027  4.928    1  0.000  0.545     0.00     0.00     0.00     0.00     0.00 -1 -2.12e-18      0.00 7.025e-01 2.822e-01 2.746e-03 7.408e-04 6.719e-03 -1.000 1.527e-02 9.895 15.244 13.769 12.239 10.957 9.465 8.012 7.387 7.118
0.0152 0.01508 10.04139 0.3500000238 2.0434176922    0.350 -1.903  3.5114  4.883    1  0.000  0.545     0.00     0.00     0.00     0.00     0.00 -1 -1.23e-17      0.00 7.088e-01 2.759e-01 2.746e-03 7.408e-04 6.719e-03 -1.000 1.527e-02 9.529 14.639 13.218 11.715 10.486 9.057 7.666 7.037 6.776
0.0152 0.01508 10.04139 0.4000000358 2.1185026169    0.400 -1.759  3.5226  4.841    1  0.000  0.545     0.00     0.00     0.00     0.00     0.00 -1 -1.31e-15      0.00 7.091e-01 2.756e-01 2.746e-03 7.408e-04 6.719e-03 -1.000 1.527e-02 9.167 14.021 12.646 11.171 10.000 8.650 7.332 6.696 6.444
0.0152 0.01508 10.04139 0.4500000477 2.1822810173    0.450 -1.608  3.5351  4.792    1  0.000  0.545     0.00     0.00     0.00     0.00     0.00 -1 -1.86e-15      0.00 7.091e-01 2.756e-01 2.746e-03 7.408e-04 6.719e-03 -1.000 1.527e-02 8.791 13.408 12.062 10.616 9.501 8.232 6.986 6.341 6.099
0.0152 0.01508 10.04139 0.5000000000 2.2374541759    0.500 -1.449  3.5506  4.740    1  0.000  0.545     0.00     0.00     0.00     0.00     0.00 -1  -2.7e-15      0.00 7.092e-01 2.755e-01 2.746e-03 7.408e-04 6.719e-03 -1.000 1.527e-02 8.391 12.772 11.436 10.018 8.960 7.789 6.626 5.969 5.739
0.0152 0.01508 10.04139 0.5387081504 2.2740836143    0.538 -1.307  3.5667  4.695    1  0.000  0.545     0.00     0.00     0.00     0.00     0.00 -1 -3.79e-15      0.00 7.285e-01 2.572e-01 2.575e-03 6.950e-04 6.305e-03 -1.000 1.432e-02 8.039 12.222 10.873 9.470 8.462 7.401 6.318 5.648 5.433
0.0152 0.01508 10.04139 0.5500000119 2.2836582661    0.550 -1.268  3.5711  4.683    1  0.000  0.545     0.00     0.00     0.00     0.00     0.00 -1 -4.16e-15      0.00 7.340e-01 2.519e-01 2.526e-03 6.818e-04 6.185e-03 -1.000 1.405e-02 7.940 12.073 10.718 9.319 8.324 7.294 6.231 5.558 5.347
0.0152 0.01508 10.04139 0.6000000238 2.3211214542    0.600 -1.092  3.5966  4.646    1  0.000  0.544     0.00     0.00     0.00     0.00     0.00 -1 -6.24e-15      0.00 7.377e-01 2.484e-01 2.496e-03 6.738e-04 6.114e-03 -1.000 1.392e-02 7.499 11.371 9.979 8.616 7.683 6.819 5.857 5.163 4.989
0.0152 0.01508 10.04139 0.6499999762 2.3520355225    0.650 -0.910  3.6279  4.624    1  0.000  0.544     0.00     0.00     0.00     0.00     0.00 -1 -9.35e-15      0.00 7.410e-01 2.452e-01 2.469e-03 6.667e-04 6.050e-03 -1.000 1.378e-02 7.044 10.583 9.153 7.885 7.029 6.338 5.475 4.787 4.660
0.0152 0.01508 10.04139 0.7000000477 2.3779268265    0.700 -0.732  3.6596  4.605    1  0.000  0.544     0.00     0.00     0.00     0.00     0.00 -1 -1.39e-14      0.00 7.442e-01 2.422e-01 2.443e-03 6.599e-04 5.989e-03 -1.000 1.363e-02 6.599 9.527 8.281 7.160 6.413 5.873 5.116 4.490 4.398
0.0152 0.01508 10.04139 0.7169405818 2.3857629299    0.717 -0.672  3.6699  4.597    1  0.000  0.541     0.00     0.00     0.00     0.00     0.00 -1 -1.59e-14      0.00 7.454e-01 2.410e-01 2.422e-03 6.569e-04 5.966e-03 -1.000 1.357e-02 6.449 9.140 7.999 6.930 6.224 5.717 4.997 4.402 4.318
0.0152 0.01508 10.04139 0.7380170226 2.3949368000    0.738 -0.598  3.6823  4.585    1  0.000  0.538     0.00     0.00     0.00     0.00     0.00 -1 -1.88e-14      0.00 7.469e-01 2.396e-01 2.396e-03 6.531e-04 5.936e-03 -1.000 1.351e-02 6.264 8.666 7.665 6.656 6.000 5.525 4.851 4.300 4.221
0.0152 0.01508 10.04139 0.7500000000 2.3998889923    0.750 -0.556  3.6893  4.578    1  0.000  0.536     0.00     0.00     0.00     0.00     0.00 -1 -2.07e-14      0.00 7.478e-01 2.388e-01 2.381e-03 6.510e-04 5.919e-03 -1.000 1.344e-02 6.159 8.422 7.486 6.509 5.878 5.419 4.768 4.237 4.161
0.0152 0.01508 10.04139 0.7574051619 2.4028594494    0.757 -0.531  3.6929  4.571    1  0.000  0.536     0.00     0.00     0.00     0.00     0.00 -1  -2.2e-14      0.00 7.485e-01 2.381e-01 2.375e-03 6.494e-04 5.904e-03 -1.000 1.342e-02 6.096 8.283 7.386 6.424 5.808 5.356 4.717 4.197 4.123
0.0152 0.01508 10.04139 0.7745490074 2.4094862938    0.774 -0.472  3.7011  4.555    1  0.000  0.536     0.00     0.00     0.00     0.00     0.00 -1 -2.54e-14      0.00 7.502e-01 2.365e-01 2.362e-03 6.458e-04 5.872e-03 -1.000 1.334e-02 5.950 7.964 7.157 6.231 5.645 5.211 4.600 4.104 4.034
0.0152 0.01508 10.04139 0.7909041047 2.4155013561    0.791 -0.416  3.7088  4.539    1  0.000  0.536     0.00     0.00     0.00     0.00     0.00 -1 -2.91e-14      0.00 7.517e-01 2.350e-01 2.349e-03 6.423e-04 5.841e-03 -1.000 1.327e-02 5.811 7.676 6.947 6.053 5.493 5.073 4.487 4.014 3.947
0.0152 0.01508 10.04139 0.8000000119 2.4187245369    0.800 -0.385  3.7129  4.530    1  0.000  0.536     0.00     0.00     0.00     0.00     0.00 -1 -3.14e-14      0.00 7.526e-01 2.342e-01 2.342e-03 6.404e-04 5.824e-03 -1.000 1.325e-02 5.732 7.518 6.832 5.955 5.409 4.996 4.424 3.963 3.898
0.0152 0.01508 10.04139 0.8078933358 2.4214539528    0.807 -0.358  3.7164  4.520    1  0.000  0.536     0.00     0.00     0.00     0.00     0.00 -1 -3.36e-14      0.00 7.535e-01 2.333e-01 2.334e-03 6.385e-04 5.807e-03 -1.000 1.323e-02 5.664 7.385 6.734 5.871 5.336 4.930 4.369 3.917 3.853
0.0152 0.01508 10.04139 0.8228416443 2.4264583588    0.822 -0.306  3.7228  4.502    1  0.000  0.536     0.00     0.00     0.00     0.00     0.00 -1 -3.84e-14      0.00 7.552e-01 2.317e-01 2.321e-03 6.348e-04 5.774e-03 -1.000 1.315e-02 5.534 7.138 6.552 5.714 5.198 4.803 4.262 3.828 3.767
0.0152 0.01508 10.04139 0.8372572064 2.4310903549    0.837 -0.255  3.7288  4.482    1  0.000  0.536     0.00     0.00     0.00     0.00     0.00 -1 -4.37e-14      0.00 7.568e-01 2.301e-01 2.308e-03 6.313e-04 5.743e-03 -1.000 1.309e-02 5.407 6.908 6.380 5.565 5.066 4.680 4.158 3.739 3.680
0.0152 0.01508 10.04139 0.8500000238 2.4350347519    0.849 -0.209  3.7338  4.464    1  0.000  0.536     0.00     0.00     0.00     0.00     0.00 -1 -4.92e-14      0.00 7.582e-01 2.288e-01 2.296e-03 6.282e-04 5.715e-03 -1.000 1.304e-02 5.294 6.709 6.228 5.433 4.949 4.572 4.065 3.660 3.603
0.0152 0.01508 10.04139 0.8610674739 2.4383518696    0.860 -0.169  3.7379  4.445    1  0.000  0.536     0.00     0.00     0.00     0.00     0.00 -1 -5.47e-14      0.00 7.597e-01 2.274e-01 2.284e-03 6.250e-04 5.686e-03 -1.000 1.292e-02 5.193 6.539 6.096 5.318 4.845 4.475 3.981 3.586 3.531
0.0152 0.01508 10.04139 0.8750463724 2.4424040318    0.874 -0.117  3.7428  4.420    1  0.000  0.536     0.00     0.00     0.00     0.00     0.00 -1  -6.3e-14      0.00 7.615e-01 2.257e-01 2.269e-03 6.209e-04 5.650e-03 -1.000 1.283e-02 5.063 6.324 5.930 5.172 4.714 4.352 3.872 3.489 3.436
0.0152 0.01508 10.04139 0.8881609440 2.4460723400    0.887 -0.067  3.7471  4.393    1  0.000  0.535     0.00     0.00     0.00     0.00     0.00 -1 -7.23e-14      0.00 7.632e-01 2.240e-01 2.255e-03 6.172e-04 5.617e-03 -1.000 1.279e-02 4.938 6.124 5.775 5.035 4.589 4.234 3.766 3.393 3.343
0.0152 0.01508 10.04139 0.9000000358 2.4492788315    0.899 -0.021  3.7505  4.367    1  0.000  0.535     0.00     0.00     0.00     0.00     0.00 -1 -8.23e-14      0.00 7.647e-01 2.226e-01 2.243e-03 6.140e-04 5.588e-03 -1.000 1.273e-02 4.823 5.950 5.636 4.910 4.475 4.125 3.667 3.302 3.253
0.0152 0.01508 10.04139 0.9075765610 2.4512803555    0.906  0.008  3.7525  4.349    1  0.000  0.535     0.00     0.00     0.00     0.00     0.00 -1 -8.95e-14      0.00 7.659e-01 2.214e-01 2.234e-03 6.114e-04 5.565e-03 -1.000 1.267e-02 4.749 5.845 5.549 4.832 4.402 4.055 3.602 3.241 3.194
0.0152 0.01508 10.04139 0.9226699471 2.4551551342    0.921  0.068  3.7556  4.309    1  0.000  0.535     0.00     0.00     0.00     0.00     0.00 -1 -1.06e-13      0.00 7.679e-01 2.196e-01 2.218e-03 6.073e-04 5.528e-03 -1.000 1.254e-02 4.601 5.647 5.379 4.675 4.254 3.912 3.468 3.114 3.068
0.0152 0.01508 10.04139 0.9345928431 2.4581143856    0.933  0.118  3.7577  4.273    1  0.000  0.535     0.00     0.00     0.00     0.00     0.00 -1 -1.24e-13      0.00 7.679e-01 2.195e-01 2.218e-03 6.074e-04 5.529e-03 -1.000 1.256e-02 4.476 5.489 5.240 4.545 4.130 3.792 3.353 3.004 2.958
0.0152 0.01508 10.04139 0.9363141060 2.4585344791    0.935  0.125  3.7579  4.267    1  0.000  0.535     0.00     0.00     0.00     0.00     0.00 -1 -1.27e-13      0.00 7.678e-01 2.196e-01 2.219e-03 6.076e-04 5.531e-03 -1.000 1.256e-02 4.457 5.466 5.220 4.526 4.112 3.774 3.335 2.987 2.942
0.0152 0.01508 10.04139 0.9445698857 2.4605247974    0.943  0.162  3.7587  4.237    1  0.000  0.535     0.00     0.00     0.00     0.00     0.00 -1 -1.42e-13      0.00 7.669e-01 2.205e-01 2.229e-03 6.102e-04 5.554e-03 -1.000 1.265e-02 4.365 5.360 5.121 4.431 4.020 3.683 3.247 2.900 2.855
0.0152 0.01508 10.04139 0.9500000477 2.4618122578    0.949  0.187  3.7589  4.216    1  0.000  0.535     0.00     0.00     0.00     0.00     0.00 -1 -1.54e-13      0.00 7.661e-01 2.212e-01 2.236e-03 6.123e-04 5.573e-03 -1.000 1.268e-02 4.302 5.294 5.057 4.368 3.958 3.621 3.185 2.839 2.794
0.0152 0.01508 10.04139 0.9525796175 2.4624180794    0.951  0.199  3.7589  4.205    1  0.000  0.535     0.00     0.00     0.00     0.00     0.00 -1  -1.6e-13      0.00 7.658e-01 2.215e-01 2.239e-03 6.131e-04 5.581e-03 -1.000 1.269e-02 4.272 5.262 5.026 4.338 3.927 3.591 3.155 2.809 2.764
0.0152 0.01508 10.04139 0.9605079293 2.4642562866    0.959  0.238  3.7582  4.167    1  0.000  0.535     0.00     0.00     0.00     0.00     0.00 -1 -1.82e-13      0.00 7.639e-01 2.233e-01 2.260e-03 6.187e-04 5.632e-03 -1.000 1.282e-02 4.175 5.174 4.933 4.243 3.831 3.494 3.056 2.708 2.663
0.0152 0.01508 10.04139 0.9658063054 2.4654653072    0.965  0.264  3.7571  4.138    1  0.000  0.535     0.00     0.00     0.00     0.00     0.00 -1    -2e-13      0.00 7.623e-01 2.248e-01 2.276e-03 6.232e-04 5.673e-03 -1.000 1.290e-02 4.109 5.122 4.874 4.179 3.765 3.426 2.985 2.634 2.588
0.0152 0.01508 10.04139 0.9675143361 2.4658520222    0.966  0.273  3.7564  4.128    1  0.000  0.535     0.00     0.00     0.00     0.00     0.00 -1 -2.06e-13      0.00 7.610e-01 2.260e-01 2.288e-03 6.265e-04 5.704e-03 -1.000 1.299e-02 4.087 5.109 4.856 4.159 3.743 3.403 2.960 2.608 2.562
0.0152 0.01508 10.04139 0.9744756818 2.4674112797    0.973  0.309  3.7527  4.081    2  0.000  0.535     0.00     0.00     0.00     0.00     0.00 -1 -2.35e-13      0.00 7.548e-01 2.319e-01 2.346e-03 6.424e-04 5.848e-03 -1.000 1.329e-02 3.998 5.070 4.790 4.078 3.654 3.308 2.855 2.494 2.446
0.0152 0.01508 10.04139 0.9815711975 2.4689743519    0.980  0.341  3.7441  4.017    2  0.000  0.535     0.00     0.00     0.00     0.00     0.00 -1 -2.71e-13      0.00 7.451e-01 2.412e-01 2.429e-03 6.649e-04 6.051e-03 -1.000 1.377e-02 3.918 5.113 4.764 4.020 3.575 3.216 2.737 2.356 2.305
0.0152 0.01508 10.04139 0.9853804111 2.4698028564    0.984  0.351  3.7348  3.971    2  0.000  0.536     0.00     0.00     0.00     0.00     0.00 -1 -2.93e-13      0.00 7.382e-01 2.478e-01 2.484e-03 6.798e-04 6.183e-03 -1.000 1.407e-02 3.891 5.221 4.799 4.020 3.554 3.180 2.674 2.268 2.214
0.0152 0.01508 10.04139 0.9877419472 2.4703128338    0.987  0.354  3.7258  3.934    2  0.000  0.536     0.00     0.00     0.00     0.00     0.00 -1 -3.08e-13      0.00 7.332e-01 2.525e-01 2.523e-03 6.900e-04 6.275e-03 -1.000 1.427e-02 3.886 5.353 4.859 4.045 3.556 3.167 2.633 2.204 2.146
0.0152 0.01508 10.04139 0.9897293448 2.4707398415    0.989  0.358  3.7158  3.891    2  0.000  0.536     0.00     0.00     0.00     0.00     0.00 -1 -3.26e-13      0.00 7.289e-01 2.567e-01 2.555e-03 6.986e-04 6.352e-03 -1.000 1.441e-02 3.876 5.505 4.925 4.074 3.559 3.153 2.585 2.129 2.067
0.0152 0.01508 10.04139 0.9916339517 2.4711472988    0.990  0.376  3.7062  3.835    2  0.000  0.537     0.00     0.00     0.00     0.00     0.00 -1 -3.61e-13      0.00 7.248e-01 2.607e-01 2.584e-03 7.063e-04 6.420e-03 -1.000 1.460e-02 3.830 5.623 4.957 4.069 3.528 3.105 2.505 2.021 1.956
0.0152 0.01508 10.04139 0.9933004379 2.4715023041    0.992  0.409  3.6992  3.774    2  0.000  0.537     0.00     0.00     0.00     0.00     0.00 -1 -4.16e-13      0.00 7.211e-01 2.642e-01 2.607e-03 7.123e-04 6.473e-03 -1.000 1.471e-02 3.747 5.663 4.935 4.019 3.458 3.022 2.398 1.894 1.825
0.0152 0.01508 10.04139 0.9939532280 2.4716408253    0.993  0.426  3.6969  3.748    2  0.000  0.537     0.00     0.00     0.00     0.00     0.00 -1 -4.47e-13      0.00 7.196e-01 2.656e-01 2.614e-03 7.145e-04 6.492e-03 -1.000 1.472e-02 3.704 5.661 4.913 3.987 3.420 2.979 2.347 1.835 1.765
0.0152 0.01508 10.04139 0.9946095347 2.4717800617    0.993  0.451  3.6953  3.718    2  0.000  0.537     0.00     0.00     0.00     0.00     0.00 -1 -4.89e-13      0.00 7.180e-01 2.672e-01 2.621e-03 7.163e-04 6.508e-03 -1.000 1.477e-02 3.644 5.628 4.867 3.935 3.363 2.919 2.281 1.765 1.694
0.0152 0.01508 10.04139 0.9957073331 2.4720125198    0.994  0.493  3.6928  3.665    3  0.000  0.537     0.00     0.00     0.00     0.00     0.00 -1 -5.72e-13      0.00 7.153e-01 2.699e-01 2.629e-03 7.195e-04 6.534e-03 -1.000 1.484e-02 3.536 5.561 4.781 3.839 3.262 2.812 2.166 1.642 1.570
0.0152 0.01508 10.04139 0.9968540668 2.4722547531    0.996  0.545  3.6908  3.606    3  0.000  0.535     0.00     0.00     0.00     0.00     0.00 -1 -6.88e-13      0.00 7.119e-01 2.732e-01 2.629e-03 7.248e-04 6.557e-03 -1.000 1.489e-02 3.408 5.463 4.669 3.720 3.138 2.685 2.031 1.501 1.428
0.0152 0.01508 10.04139 0.9977817535 2.4724500179    0.996  0.592  3.6895  3.555    3  0.000  0.529     0.00     0.00     0.00     0.00     0.00 -1 -8.13e-13      0.00 7.089e-01 2.762e-01 2.609e-03 7.418e-04 6.572e-03 -1.000 1.494e-02 3.291 5.364 4.563 3.609 3.025 2.569 1.910 1.376 1.303
0.0152 0.01508 10.04139 0.9985594153 2.4726135731    0.997  0.634  3.6884  3.508    3  0.000  0.521     0.00     0.00     0.00     0.00     0.00 -1 -9.45e-13      0.00 7.063e-01 2.788e-01 2.571e-03 7.777e-04 6.584e-03 -1.000 1.497e-02 3.185 5.272 4.466 3.508 2.922 2.464 1.801 1.263 1.189
0.0152 0.01508 10.04139 0.9993020892 2.4727692604    0.998  0.678  3.6873  3.460    3  0.000  0.509     0.00     0.00     0.00     0.00     0.00 -1  -1.1e-12      0.00 7.038e-01 2.812e-01 2.519e-03 8.364e-04 6.593e-03 -1.000 1.500e-02 3.075 5.181 4.367 3.404 2.815 2.355 1.688 1.147 1.073
0.0152 0.01508 10.04139 0.9999986291 2.4729151726    0.999  0.722  3.6863  3.412    3  0.000  0.497     0.00     0.00     0.00     0.00     0.00 -1 -1.29e-12      0.00 7.014e-01 2.836e-01 2.460e-03 9.099e-04 6.601e-03 -1.000 1.505e-02 2.964 5.089 4.267 3.298 2.707 2.244 1.574 1.030 0.956
0.0152 0.01508 10.04139 1.0000000000 2.4729156494    0.999  0.722  3.6863  3.412    3  0.000  0.497     0.00     0.00     0.00     0.00     0.00 -1 -1.29e-12      0.00 7.014e-01 2.836e-01 2.459e-03 9.100e-04 6.601e-03 -1.000 1.505e-02 2.964 5.089 4.267 3.298 2.707 2.244 1.573 1.030 0.955
0.0152 0.01508 10.04139 1.0003145933 2.4729814529    0.999  0.743  3.6858  3.389    3  0.000  0.491     0.00     0.00     0.00     0.00     0.00 -1 -1.39e-12      0.00 7.002e-01 2.847e-01 2.431e-03 9.464e-04 6.604e-03 -1.000 1.507e-02 2.911 5.046 4.219 3.248 2.655 2.192 1.519 0.974 0.900
0.0152 0.01508 10.04139 1.0008962154 2.4731030464    0.999  0.786  3.6848  3.343    3  0.000  0.482     0.00     0.00     0.00     0.00     0.00 -1 -1.62e-12      0.00 6.985e-01 2.864e-01 2.392e-03 9.972e-04 6.609e-03 -1.000 1.507e-02 2.806 4.960 4.125 3.147 2.553 2.087 1.410 0.862 0.787
0.0152 0.01508 10.04139 1.0014842749 2.4732258320    1.000  0.832  3.6836  3.293    3  0.000  0.475     0.00     0.00     0.00     0.00     0.00 -1  -1.9e-12      0.00 6.969e-01 2.880e-01 2.357e-03 1.042e-03 6.613e-03 -1.000 1.511e-02 2.691 4.869 4.023 3.039 2.441 1.972 1.291 0.740 0.664
0.0152 0.01508 10.04139 1.0019818544 2.4733295441    1.000  0.874  3.6824  3.246    3  0.000  0.471     0.00     0.00     0.00     0.00     0.00 -1 -2.21e-12      0.00 6.958e-01 2.891e-01 2.336e-03 1.068e-03 6.616e-03 -1.000 1.513e-02 2.585 4.787 3.929 2.939 2.338 1.867 1.181 0.627 0.551
0.0152 0.01508 10.04139 1.0024272203 2.4734222889    1.001  0.915  3.6811  3.200    3  0.000  0.468     0.00     0.00     0.00     0.00     0.00 -1 -2.56e-12      0.00 6.950e-01 2.899e-01 2.321e-03 1.089e-03 6.618e-03 -1.000 1.511e-02 2.483 4.708 3.840 2.843 2.239 1.765 1.075 0.517 0.440
0.0152 0.01508 10.04139 1.0028406382 2.4735083580    1.001  0.955  3.6799  3.155    3  0.000  0.465     0.00     0.00     0.00     0.00     0.00 -1 -2.96e-12      0.00 6.942e-01 2.907e-01 2.307e-03 1.106e-03 6.620e-03 -1.000 1.507e-02 2.382 4.633 3.752 2.748 2.141 1.664 0.969 0.407 0.330
0.0152 0.01508 10.04139 1.0032500029 2.4735932350    1.002  0.999  3.6784  3.105    3  0.000  0.463     0.00     0.00     0.00     0.00     0.00 -1 -3.46e-12      0.00 6.937e-01 2.912e-01 2.298e-03 1.119e-03 6.621e-03 -1.000 1.508e-02 2.272 4.556 3.659 2.647 2.036 1.556 0.855 0.288 0.210
0.0152 0.01508 10.04139 1.0036952496 2.4736857414    1.002  1.051  3.6765  3.045    3  0.000  0.461     0.00     0.00     0.00     0.00     0.00 -1 -4.18e-12      0.00 6.932e-01 2.917e-01 2.291e-03 1.128e-03 6.622e-03 -1.000 1.508e-02 2.141 4.466 3.549 2.528 1.911 1.427 0.718 0.146 0.067
0.0152 0.01508 10.04139 1.0040211678 2.4737534523    1.002  1.093  3.6748  2.997    3  0.000  0.460     0.00     0.00     0.00     0.00     0.00 -1 -4.86e-12      0.00 6.930e-01 2.919e-01 2.287e-03 1.134e-03 6.623e-03 -1.000 1.508e-02 2.037 4.397 3.463 2.433 1.811 1.323 0.609 0.031 -0.048
0.0152 0.01508 10.04139 1.0043088198 2.4738130569    1.002  1.133  3.6732  2.951    3  0.000  0.460     0.00     0.00     0.00     0.00     0.00 -1 -5.61e-12      0.00 6.930e-01 2.920e-01 2.286e-03 1.135e-03 6.623e-03 -1.000 1.508e-02 1.937 4.330 3.380 2.343 1.717 1.225 0.504 -0.078 -0.159
0.0152 0.01508 10.04139 1.0045745373 2.4738681316    1.003  1.173  3.6716  2.905    3  0.000  0.460     0.00     0.00     0.00     0.00     0.00 -1 -6.48e-12      0.00 6.930e-01 2.920e-01 2.285e-03 1.135e-03 6.623e-03 -1.000 1.508e-02 1.839 4.265 3.298 2.253 1.623 1.128 0.400 -0.187 -0.268
0.0152 0.01508 10.04139 1.0048938990 2.4739341736    1.003  1.225  3.6693  2.844    3  0.000  0.460     0.00     0.00     0.00     0.00     0.00 -1 -7.83e-12      0.00 6.929e-01 2.920e-01 2.285e-03 1.136e-03 6.623e-03 -1.000 1.508e-02 1.708 4.182 3.192 2.136 1.499 0.999 0.263 -0.331 -0.414
0.0152 0.01508 10.04139 1.0051767826 2.4739928246    1.003  1.275  3.6670  2.784    3  0.000  0.460     0.00     0.00     0.00     0.00     0.00 -1 -9.41e-12      0.00 6.929e-01 2.920e-01 2.285e-03 1.136e-03 6.623e-03 -1.000 1.508e-02 1.582 4.106 3.092 2.025 1.381 0.875 0.130 -0.471 -0.556
0.0152 0.01508 10.04139 1.0054359436 2.4740464687    1.003  1.326  3.6646  2.724    3  0.000  0.460     0.00     0.00     0.00     0.00     0.00 -1 -1.13e-11      0.00 6.929e-01 2.920e-01 2.284e-03 1.137e-03 6.624e-03 -1.000 1.508e-02 1.455 4.030 2.992 1.913 1.263 0.751 -0.003 -0.611 -0.698
0.0152 0.01508 10.04139 1.0056768656 2.4740962982    1.003  1.377  3.6621  2.663    3  0.000  0.460     0.00     0.00     0.00     0.00     0.00 -1 -1.36e-11      0.00 6.929e-01 2.920e-01 2.284e-03 1.137e-03 6.624e-03 -1.000 1.508e-02 1.329 3.957 2.892 1.802 1.144 0.628 -0.137 -0.753 -0.841
0.0152 0.01508 10.04139 1.0058974028 2.4741418362    1.003  1.425  3.6597  2.605    3  0.000  0.460     0.00     0.00     0.00     0.00     0.00 -1 -1.63e-11      0.00 6.929e-01 2.920e-01 2.284e-03 1.137e-03 6.624e-03 -1.000 1.508e-02 1.207 3.888 2.798 1.696 1.031 0.508 -0.265 -0.889 -0.979
0.0152 0.01508 10.04139 1.0061234236 2.4741883278    1.003  1.472  3.6573  2.548    3  0.000  0.460     0.00     0.00     0.00     0.00     0.00 -1 -1.94e-11      0.00 6.929e-01 2.920e-01 2.284e-03 1.138e-03 6.624e-03 -1.000 1.508e-02 1.090 3.825 2.709 1.595 0.923 0.395 -0.389 -1.020 -1.111
0.0152 0.01508 10.04139 1.0063546896 2.4742362499    1.003  1.505  3.6557  2.509    3  0.000  0.460     0.00     0.00     0.00     0.00     0.00 -1  -2.2e-11      0.00 6.929e-01 2.920e-01 2.283e-03 1.138e-03 6.624e-03 -1.000 1.508e-02 1.008 3.779 2.646 1.524 0.848 0.315 -0.474 -1.111 -1.204
0.0152 0.01508 10.04139 1.0065280199 2.4742717743    1.003  1.474  3.6578  2.548    3  0.000  0.460     0.00     0.00     0.00     0.00     0.00 -1 -1.98e-11      0.00 6.929e-01 2.920e-01 2.283e-03 1.138e-03 6.624e-03 -1.000 1.508e-02 1.085 3.809 2.698 1.587 0.917 0.389 -0.392 -1.022 -1.113
0.0152 0.01508 10.04139 1.0066440105 2.4742958546    1.004  1.437  3.6602  2.595    3  0.000  0.459     0.00     0.00     0.00     0.00     0.00 -1 -1.73e-11      0.00 6.929e-01 2.920e-01 2.283e-03 1.138e-03 6.624e-03 -1.000 1.508e-02 1.178 3.847 2.763 1.663 1.001 0.479 -0.293 -0.915 -1.004
0.0152 0.01508 10.04139 1.0066537857 2.4742977619    1.004  1.434  3.6604  2.599    3  0.000  0.459     0.00     0.00     0.00     0.00     0.00 -1  -1.7e-11      0.00 6.929e-01 2.920e-01 2.283e-03 1.138e-03 6.624e-03 -1.000 1.508e-02 1.186 3.851 2.769 1.669 1.007 0.487 -0.285 -0.906 -0.995
0.0152 0.01508 10.04139 1.0068144798 2.4743309021    1.004  1.480  3.6579  2.543    3  0.000  0.459     0.00     0.00     0.00     0.00     0.00 -1 -1.99e-11      0.00 6.929e-01 2.920e-01 2.283e-03 1.139e-03 6.624e-03 -1.000 1.508e-02 1.070 3.791 2.682 1.571 0.901 0.374 -0.407 -1.036 -1.127
0.0152 0.01508 10.04139 1.0069794655 2.4743649960    1.004  1.527  3.6552  2.485    3  0.000  0.459     0.00     0.00     0.00     0.00     0.00 -1 -2.37e-11      0.00 6.929e-01 2.920e-01 2.283e-03 1.139e-03 6.624e-03 -1.000 1.508e-02 0.951 3.737 2.596 1.471 0.793 0.259 -0.533 -1.170 -1.263
0.0152 0.01508 10.04139 1.0071371794 2.4743974209    1.004  1.575  3.6525  2.426    3  0.000  0.459     0.00     0.00     0.00     0.00     0.00 -1 -2.83e-11      0.00 6.929e-01 2.920e-01 2.282e-03 1.139e-03 6.624e-03 -1.000 1.509e-02 0.831 3.697 2.514 1.370 0.682 0.142 -0.661 -1.306 -1.401
0.0152 0.01508 10.04139 1.0072789192 2.4744265079    1.004  1.622  3.6498  2.369    3  0.000  0.459     0.00     0.00     0.00     0.00     0.00 -1 -3.36e-11      0.00 6.929e-01 2.921e-01 2.282e-03 1.139e-03 6.624e-03 -1.000 1.509e-02 0.715 3.661 2.435 1.274 0.576 0.028 -0.784 -1.437 -1.534
0.0152 0.01508 10.04139 1.0074133873 2.4744541645    1.003  1.669  3.6471  2.310    3  0.000  0.459     0.00     0.00     0.00     0.00     0.00 -1 -4.02e-11      0.00 6.929e-01 2.921e-01 2.282e-03 1.140e-03 6.624e-03 -1.000 1.509e-02 0.596 3.628 2.357 1.177 0.468 -0.087 -0.911 -1.572 -1.671
0.0152 0.01508 10.04139 1.0075317621 2.4744787216    1.003  1.715  3.6443  2.254    3  0.000  0.459     0.00     0.00     0.00     0.00     0.00 -1 -4.76e-11      0.00 6.929e-01 2.921e-01 2.282e-03 1.140e-03 6.624e-03 -1.000 1.509e-02 0.483 3.600 2.285 1.085 0.366 -0.197 -1.032 -1.702 -1.803
0.0152 0.01508 10.04139 1.0076429844 2.4745016098    1.003  1.761  3.6415  2.196    3  0.000  0.459     0.00     0.00     0.00     0.00     0.00 -1 -5.66e-11      0.00 6.928e-01 2.921e-01 2.282e-03 1.140e-03 6.625e-03 -1.000 1.509e-02 0.366 3.572 2.211 0.992 0.261 -0.310 -1.157 -1.834 -1.937
0.0152 0.01508 10.04139 1.0077432394 2.4745221138    1.003  1.807  3.6387  2.139    3  0.000  0.459     0.00     0.00     0.00     0.00     0.00 -1 -6.71e-11      0.00 6.928e-01 2.921e-01 2.282e-03 1.140e-03 6.625e-03 -1.000 1.509e-02 0.252 3.547 2.140 0.901 0.160 -0.420 -1.278 -1.965 -2.070
0.0152 0.01508 10.04139 1.0078351498 2.4745409489    1.003  1.852  3.6358  2.082    3  0.000  0.459     0.00     0.00     0.00     0.00     0.00 -1 -7.96e-11      0.00 6.928e-01 2.921e-01 2.282e-03 1.140e-03 6.625e-03 -1.000 1.509e-02 0.139 3.527 2.072 0.814 0.062 -0.528 -1.399 -2.094 -2.202
0.0152 0.01508 10.04139 1.0079212189 2.4745588303    1.003  1.898  3.6328  2.024    3  0.000  0.459     0.00     0.00     0.00     0.00     0.00 -1 -9.46e-11      0.00 6.928e-01 2.921e-01 2.281e-03 1.140e-03 6.625e-03 -1.000 1.509e-02 0.024 3.507 2.003 0.726 -0.038 -0.638 -1.521 -2.226 -2.336
0.0152 0.01508 10.04139 1.0079973936 2.4745743275    1.002  1.942  3.6299  1.968    3  0.000  0.459     0.00     0.00     0.00     0.00     0.00 -1 -1.12e-10      0.00 6.928e-01 2.921e-01 2.281e-03 1.141e-03 6.625e-03 -1.000 1.509e-02 -0.086 3.472 1.939 0.639 -0.134 -0.743 -1.638 -2.349 -2.462
0.0152 0.01508 10.04139 1.0080671310 2.4745886326    1.002  1.987  3.6270  1.912    3  0.000  0.459     0.00     0.00     0.00     0.00     0.00 -1 -1.32e-10      0.00 6.928e-01 2.921e-01 2.281e-03 1.141e-03 6.625e-03 -1.000 1.509e-02 -0.196 3.423 1.875 0.553 -0.226 -0.845 -1.754 -2.468 -2.587
0.0152 0.01508 10.04139 1.0081326962 2.4746022224    1.002  2.032  3.6239  1.855    3  0.000  0.459     0.00     0.00     0.00     0.00     0.00 -1 -1.56e-10      0.00 6.928e-01 2.921e-01 2.281e-03 1.141e-03 6.625e-03 -1.000 1.509e-02 -0.309 3.371 1.809 0.465 -0.321 -0.950 -1.872 -2.590 -2.714
0.0152 0.01508 10.04139 1.0081907511 2.4746141434    1.002  2.075  3.6209  1.800    3  0.000  0.459     0.00     0.00     0.00     0.00     0.00 -1 -1.84e-10      0.00 6.928e-01 2.921e-01 2.281e-03 1.141e-03 6.625e-03 -1.000 1.509e-02 -0.417 3.321 1.746 0.381 -0.411 -1.050 -1.985 -2.707 -2.837
0.0152 0.01508 10.04139 1.0082457066 2.4746253490    1.001  2.119  3.6179  1.743    3  0.000  0.459     0.00     0.00     0.00     0.00     0.00 -1 -2.18e-10      0.00 6.928e-01 2.921e-01 2.281e-03 1.141e-03 6.625e-03 -1.000 1.509e-02 -0.528 3.265 1.680 0.296 -0.503 -1.152 -2.101 -2.828 -2.964
0.0152 0.01508 10.04139 1.0082936287 2.4746353626    1.001  2.161  3.6148  1.688    3  0.000  0.459     0.00     0.00     0.00     0.00     0.00 -1 -2.55e-10      0.00 6.928e-01 2.921e-01 2.281e-03 1.141e-03 6.625e-03 -1.000 1.509e-02 -0.633 3.213 1.620 0.218 -0.587 -1.247 -2.211 -2.942 -3.084
0.0152 0.01508 10.04139 1.0083395243 2.4746446609    1.000  2.205  3.6117  1.632    3  0.000  0.459     0.00     0.00     0.00     0.00     0.00 -1 -3.01e-10      0.00 6.928e-01 2.921e-01 2.281e-03 1.141e-03 6.625e-03 -1.000 1.509e-02 -0.742 3.157 1.557 0.136 -0.676 -1.345 -2.324 -3.060 -3.208
0.0152 0.01508 10.04139 1.0083816051 2.4746532440    1.000  2.248  3.6086  1.577    3  0.000  0.459     0.00     0.00     0.00     0.00     0.00 -1 -3.55e-10      0.00 6.928e-01 2.921e-01 2.281e-03 1.141e-03 6.625e-03 -1.000 1.509e-02 -0.849 3.102 1.495 0.057 -0.762 -1.442 -2.436 -3.176 -3.332
0.0152 0.01508 10.04139 1.0084192753 2.4746611118    0.999  2.289  3.6055  1.522    3  0.000  0.459     0.00     0.00     0.00     0.00     0.00 -1 -4.16e-10      0.00 6.928e-01 2.921e-01 2.281e-03 1.141e-03 6.625e-03 -1.000 1.509e-02 -0.953 3.048 1.437 -0.015 -0.842 -1.534 -2.544 -3.290 -3.453
0.0152 0.01508 10.04139 1.0084547997 2.4746682644    0.999  2.332  3.6023  1.467    3  0.000  0.459     0.00     0.00     0.00     0.00     0.00 -1 -4.88e-10      0.00 6.928e-01 2.921e-01 2.281e-03 1.141e-03 6.625e-03 -1.000 1.509e-02 -1.059 3.024 1.383 -0.086 -0.923 -1.630 -2.656 -3.409 -3.578
0.0152 0.01508 10.04139 1.0084871054 2.4746749401    0.998  2.373  3.5991  1.413    3  0.000  0.459     0.00     0.00     0.00     0.00     0.00 -1 -5.72e-10      0.00 6.928e-01 2.921e-01 2.281e-03 1.141e-03 6.625e-03 -1.000 1.509e-02 -1.162 3.023 1.338 -0.149 -1.000 -1.725 -2.767 -3.529 -3.702
0.0152 0.01508 10.04139 1.0085166693 2.4746811390    0.997  2.414  3.5959  1.358    3  0.000  0.459     0.00     0.00     0.00     0.00     0.00 -1  -6.7e-10      0.00 6.928e-01 2.921e-01 2.281e-03 1.141e-03 6.625e-03 -1.000 1.509e-02 -1.264 3.019 1.297 -0.205 -1.071 -1.818 -2.877 -3.647 -3.826
0.0152 0.01508 10.04139 1.0085444450 2.4746868610    0.997  2.455  3.5926  1.304    3  0.000  0.459     0.00     0.00     0.00     0.00     0.00 -1 -7.84e-10      0.00 6.928e-01 2.921e-01 2.281e-03 1.141e-03 6.625e-03 -1.000 1.509e-02 -1.367 3.015 1.255 -0.262 -1.142 -1.912 -2.988 -3.767 -3.950
0.0152 0.01508 10.04139 1.0085694790 2.4746918678    0.996  2.495  3.5893  1.251    3  0.000  0.459     0.00     0.00     0.00     0.00     0.00 -1 -9.15e-10      0.00 6.928e-01 2.921e-01 2.281e-03 1.141e-03 6.625e-03 -1.000 1.509e-02 -1.467 3.014 1.217 -0.314 -1.209 -2.002 -3.095 -3.883 -4.071
0.0152 0.01508 10.04139 1.0085922480 2.4746966362    0.995  2.534  3.5860  1.198    3  0.000  0.459    13.60     9.75     6.78     5.24     4.25  3 -1.06e-09      0.00 6.928e-01 2.921e-01 2.281e-03 1.142e-03 6.625e-03 -1.000 1.509e-02 -1.565 3.010 1.187 -0.356 -1.267 -2.089 -3.201 -3.997 -4.190
0.0152 0.01508 10.04139 1.0086139441 2.4747009277    0.994  2.574  3.5827  1.144    3  0.000  0.459    15.21    10.74     7.44     5.76     4.67  3 -1.24e-09      0.00 6.928e-01 2.921e-01 2.281e-03 1.142e-03 6.625e-03 -1.000 1.509e-02 -1.664 3.007 1.155 -0.400 -1.327 -2.177 -3.309 -4.113 -4.312
0.0152 0.01508 10.04139 1.0086336136 2.4747049809    0.993  2.612  3.5793  1.092    3  0.000  0.459    16.97    11.80     8.14     6.31     5.12  3 -1.44e-09      0.00 6.928e-01 2.921e-01 2.281e-03 1.142e-03 6.625e-03 -1.000 1.509e-02 -1.761 3.005 1.128 -0.437 -1.382 -2.262 -3.413 -4.226 -4.430
0.0152 0.01508 10.04139 1.0086517334 2.4747087955    0.992  2.650  3.5759  1.040    3  0.000  0.459    18.91    12.97     8.90     6.91     5.61  3 -1.67e-09      0.00 6.928e-01 2.921e-01 2.281e-03 1.142e-03 6.625e-03 -1.000 1.509e-02 -1.856 3.000 1.110 -0.461 -1.424 -2.344 -3.518 -4.339 -4.548
0.0152 0.01508 10.04139 1.0086687803 2.4747123718    0.991  2.689  3.5724  0.987    3  0.000  0.459    21.11    14.26     9.75     7.58     6.16  3 -1.94e-09      0.00 6.928e-01 2.921e-01 2.281e-03 1.142e-03 6.625e-03 -1.000 1.509e-02 -1.951 2.997 1.094 -0.483 -1.466 -2.426 -3.622 -4.452 -4.666
0.0152 0.01508 10.04139 1.0086847544 2.4747154713    0.989  2.727  3.5689  0.934    3  0.000  0.459    23.56    15.68    10.68     8.31     6.75  3 -2.25e-09      0.00 6.928e-01 2.921e-01 2.281e-03 1.142e-03 6.625e-03 -1.000 1.509e-02 -2.046 2.998 1.087 -0.494 -1.501 -2.506 -3.728 -4.565 -4.785
0.0152 0.01508 10.04139 1.0087027550 2.4747192860    0.987  2.772  3.5644  0.870    3  0.000  0.459    26.93    17.61    11.92     9.30     7.56  3  -2.7e-09      0.00 6.928e-01 2.921e-01 2.281e-03 1.142e-03 6.625e-03 -1.000 1.509e-02 -2.161 2.997 1.091 -0.490 -1.529 -2.598 -3.856 -4.702 -4.929
0.0152 0.01508 10.04139 1.0087192059 2.4747226238    0.986  2.817  3.5601  0.807    3  0.000  0.459    30.70    19.72    13.29    10.38     8.44  2 -3.22e-09      0.00 6.928e-01 2.921e-01 2.281e-03 1.142e-03 6.625e-03 -1.000 1.509e-02 -2.273 2.997 1.096 -0.484 -1.555 -2.688 -3.981 -4.835 -5.070
0.0152 0.01508 10.04139 1.0087342262 2.4747257233    0.983  2.861  3.5557  0.744    3  0.000  0.459    34.96    22.07    14.79    11.58     9.41  2 -3.84e-09      0.00 6.928e-01 2.921e-01 2.281e-03 1.142e-03 6.625e-03 -1.000 1.509e-02 -2.383 2.994 1.122 -0.449 -1.562 -2.768 -4.104 -4.967 -5.209
0.0152 0.01508 10.04139 1.0087482929 2.4747285843    0.981  2.905  3.5511  0.681    3  0.000  0.459    39.87    24.73    16.49    12.93    10.51  2 -4.58e-09      0.00 6.928e-01 2.921e-01 2.281e-03 1.142e-03 6.625e-03 -1.000 1.509e-02 -2.493 2.993 1.153 -0.409 -1.564 -2.847 -4.228 -5.099 -5.349
0.0152 0.01508 10.04139 1.0087610483 2.4747312069    0.979  2.948  3.5466  0.619    3  0.000  0.459    45.38    27.65    18.34    14.41    11.72  2 -5.44e-09      0.00 6.928e-01 2.921e-01 2.281e-03 1.142e-03 6.625e-03 -1.000 1.509e-02 -2.600 2.992 1.202 -0.342 -1.550 -2.912 -4.350 -5.229 -5.486
0.0152 0.01508 10.04139 1.0087729692 2.4747335911    0.976  2.990  3.5420  0.557    3  0.000  0.459    51.61    30.91    20.40    16.05    13.06  2 -6.45e-09      0.00 6.928e-01 2.921e-01 2.281e-03 1.142e-03 6.625e-03 -1.000 1.509e-02 -2.706 2.991 1.261 -0.264 -1.528 -2.972 -4.470 -5.357 -5.622
0.0152 0.01508 10.04139 1.0087841749 2.4747359753    0.973  3.033  3.5373  0.495    3  0.000  0.459    58.75    34.56    22.70    17.89    14.56  2 -7.66e-09      0.00 6.928e-01 2.921e-01 2.281e-03 1.142e-03 6.625e-03 -1.000 1.509e-02 -2.811 2.992 1.339 -0.163 -1.492 -3.021 -4.591 -5.485 -5.759
0.0152 0.01508 10.04139 1.0087944269 2.4747381210    0.969  3.073  3.5326  0.434    3  0.000  0.459    66.70    38.57    25.20    19.90    16.20  2 -9.05e-09      0.00 6.928e-01 2.921e-01 2.281e-03 1.142e-03 6.625e-03 -1.000 1.509e-02 -2.914 2.995 1.435 -0.039 -1.444 -3.059 -4.710 -5.609 -5.892
0.0152 0.01508 10.04139 1.0088039637 2.4747400284    0.966  3.114  3.5279  0.373    3  0.000  0.459    75.72    43.03    27.97    22.13    18.02  1 -1.07e-08      0.00 6.928e-01 2.921e-01 2.281e-03 1.142e-03 6.625e-03 -1.000 1.509e-02 -3.015 2.997 1.547 0.102 -1.385 -3.082 -4.828 -5.732 -6.024
0.0152 0.01508 10.04139 1.0088126659 2.4747416973    0.962  3.154  3.5232  0.312    3  0.000  0.459    85.87    47.95    31.02    24.58    20.02  1 -1.26e-08      0.00 6.928e-01 2.921e-01 2.280e-03 1.142e-03 6.625e-03 -1.000 1.509e-02 -3.114 3.002 1.683 0.273 -1.309 -3.083 -4.944 -5.853 -6.154
0.0152 0.01508 10.04139 1.0088208914 2.4747436047    0.957  3.193  3.5183  0.252    3  0.000  0.459    97.28    53.39    34.37    27.28    22.22  1 -1.48e-08      0.00 6.928e-01 2.921e-01 2.280e-03 1.142e-03 6.625e-03 -1.000 1.509e-02 -3.211 3.010 1.837 0.468 -1.217 -3.067 -5.057 -5.971 -6.283
0.0152 0.01508 10.04139 1.0088285208 2.4747450352    0.952  3.231  3.5135  0.192    3  0.000  0.459   110.13    59.40    38.05    30.26    24.65  1 -1.74e-08      0.00 6.928e-01 2.921e-01 2.280e-03 1.142e-03 6.625e-03 -1.000 1.509e-02 -3.307 3.020 2.019 0.705 -1.099 -3.019 -5.168 -6.087 -6.410
0.0152 0.01508 10.04139 1.0088357925 2.4747464657    0.947  3.269  3.5086  0.132    3  0.000  0.459   124.82    66.14    42.16    33.59    27.37  1 -2.04e-08      0.00 6.928e-01 2.921e-01 2.280e-03 1.142e-03 6.625e-03 -1.000 1.509e-02 -3.402 3.028 2.194 0.933 -0.985 -2.972 -5.279 -6.203 -6.536
0.0152 0.01508 10.04139 1.0088425875 2.4747478962    0.941  3.306  3.5037  0.073    3  0.000  0.459   141.12    73.48    46.61    37.20    30.32  1 -2.39e-08      0.00 6.928e-01 2.921e-01 2.280e-03 1.142e-03 6.625e-03 -1.000 1.509e-02 -3.495 3.030 2.345 1.130 -0.887 -2.925 -5.387 -6.316 -6.657
0.0152 0.01508 10.04139 1.0088487864 2.4747493267    0.935  3.342  3.4990  0.015    3  0.000  0.459   159.06    81.41    51.39    41.09    33.50  1 -2.78e-08      0.00 6.928e-01 2.921e-01 2.280e-03 1.142e-03 6.625e-03 -1.000 1.509e-02 -3.584 3.037 2.506 1.333 -0.780 -2.867 -5.491 -6.425 -6.776
0.0152 0.01508 10.04139 1.0088549852 2.4747505188    0.927  3.377  3.4942 -0.043    3  0.000  0.459   174.28    90.26    56.71    45.42    37.03  1 -3.24e-08      0.00 6.928e-01 2.921e-01 2.280e-03 1.142e-03 6.625e-03 -1.000 1.509e-02 -3.673 3.041 2.651 1.507 -0.689 -2.810 -5.595 -6.534 -6.894
0.0152 0.01508 10.04139 1.0088598728 2.4747514725    0.921  3.404  3.4905 -0.087    3  0.000  0.459   186.08    97.63    61.11    49.01    39.97  1 -3.64e-08      0.00 6.928e-01 2.921e-01 2.280e-03 1.142e-03 6.625e-03 -1.000 1.509e-02 -3.740 3.045 2.763 1.640 -0.618 -2.764 -5.673 -6.616 -6.983
0.0152 0.01508 10.04139 1.0088598728 2.4747514725    0.921  1.672  3.6672  2.351    4  0.000  0.473     0.00     0.00     0.00     0.00     0.00 -1    -1e-30      0.00 6.948e-01 2.901e-01 2.343e-03 1.058e-03 6.609e-03 -1.000 1.507e-02 0.589 3.128 2.106 1.020 0.387 -0.118 -0.865 -1.459 -1.544
0.0152 0.01508 10.04139 1.0089459419 2.4747691154    0.921  1.680  3.6667  2.341    4  0.000  0.473     0.00     0.00     0.00     0.00     0.00 -1    -1e-30      0.00 6.948e-01 2.901e-01 2.343e-03 1.058e-03 6.609e-03 -1.000 1.507e-02 0.570 3.123 2.093 1.003 0.368 -0.137 -0.886 -1.481 -1.567
0.0152 0.01508 10.04139 1.0090245008 2.4747853279    0.921  1.683  3.6666  2.337    4  0.000  0.473     0.00     0.00     0.00     0.00     0.00 -1    -1e-30      0.00 6.948e-01 2.901e-01 2.343e-03 1.058e-03 6.609e-03 -1.000 1.507e-02 0.561 3.119 2.087 0.996 0.361 -0.145 -0.895 -1.490 -1.576
0.0152 0.01508 10.04139 1.0091041327 2.4748015404    0.921  1.683  3.6668  2.339    4  0.000  0.473     0.00     0.00     0.00     0.00     0.00 -1    -1e-30      0.00 6.948e-01 2.901e-01 2.343e-03 1.058e-03 6.609e-03 -1.000 1.507e-02 0.563 3.114 2.085 0.995 0.361 -0.144 -0.893 -1.488 -1.573
0.0152 0.01508 10.04139 1.0091856718 2.4748182297    0.921  1.681  3.6673  2.343    4  0.000  0.473     0.00     0.00     0.00     0.00     0.00 -1    -1e-30      0.00 6.948e-01 2.901e-01 2.343e-03 1.058e-03 6.609e-03 -1.000 1.507e-02 0.568 3.108 2.085 0.998 0.365 -0.139 -0.886 -1.479 -1.565
0.0152 0.01508 10.04139 1.0092656612 2.4748346806    0.921  1.678  3.6678  2.348    4  0.000  0.473     0.00     0.00     0.00     0.00     0.00 -1    -1e-30      0.00 6.948e-01 2.901e-01 2.343e-03 1.058e-03 6.609e-03 -1.000 1.507e-02 0.575 3.103 2.086 1.002 0.371 -0.132 -0.877 -1.469 -1.554
0.0152 0.01508 10.04139 1.0093493462 2.4748518467    0.921  1.675  3.6684  2.353    4  0.000  0.473     0.00     0.00     0.00     0.00     0.00 -1    -1e-30      0.00 6.948e-01 2.901e-01 2.343e-03 1.058e-03 6.609e-03 -1.000 1.507e-02 0.583 3.096 2.087 1.006 0.377 -0.125 -0.868 -1.458 -1.543
0.0152 0.01508 10.04139 1.0094282627 2.4748680592    0.922  1.672  3.6689  2.358    4  0.000  0.473     0.00     0.00     0.00     0.00     0.00 -1    -1e-30      0.00 6.948e-01 2.901e-01 2.343e-03 1.058e-03 6.609e-03 -1.000 1.507e-02 0.590 3.090 2.088 1.009 0.382 -0.118 -0.859 -1.447 -1.532
0.0152 0.01508 10.04139 1.0095108747 2.4748849869    0.922  1.669  3.6694  2.363    4  0.000  0.473     0.00     0.00     0.00     0.00     0.00 -1    -1e-30      0.00 6.948e-01 2.901e-01 2.343e-03 1.058e-03 6.609e-03 -1.000 1.507e-02 0.598 3.084 2.089 1.013 0.388 -0.111 -0.850 -1.437 -1.521
0.0152 0.01508 10.04139 1.0095940828 2.4749019146    0.922  1.666  3.6699  2.368    4  0.000  0.473     0.00     0.00     0.00     0.00     0.00 -1    -1e-30      0.00 6.948e-01 2.901e-01 2.343e-03 1.058e-03 6.609e-03 -1.000 1.507e-02 0.605 3.078 2.090 1.017 0.393 -0.105 -0.842 -1.427 -1.511
0.0152 0.01508 10.04139 1.0096729994 2.4749181271    0.922  1.664  3.6704  2.372    4  0.000  0.473     0.00     0.00     0.00     0.00     0.00 -1    -1e-30      0.00 6.948e-01 2.901e-01 2.343e-03 1.058e-03 6.609e-03 -1.000 1.507e-02 0.610 3.073 2.091 1.020 0.398 -0.099 -0.834 -1.418 -1.502
0.0152 0.01508 10.04139 1.0097515583 2.4749341011    0.922  1.662  3.6707  2.376    4  0.000  0.473     0.00     0.00     0.00     0.00     0.00 -1    -1e-30      0.00 6.948e-01 2.901e-01 2.343e-03 1.058e-03 6.609e-03 -1.000 1.507e-02 0.615 3.069 2.091 1.022 0.402 -0.095 -0.828 -1.411 -1.495
0.0152 0.01508 10.04139 1.0098365545 2.4749515057    0.922  1.660  3.6711  2.379    4  0.000  0.473     0.00     0.00     0.00     0.00     0.00 -1    -1e-30      0.00 6.948e-01 2.901e-01 2.343e-03 1.058e-03 6.609e-03 -1.000 1.507e-02 0.620 3.064 2.092 1.025 0.405 -0.090 -0.823 -1.404 -1.488
0.0152 0.01508 10.04139 1.0099219084 2.4749691486    0.922  1.658  3.6715  2.382    4  0.000  0.473     0.00     0.00     0.00     0.00     0.00 -1    -1e-30      0.00 6.948e-01 2.901e-01 2.343e-03 1.058e-03 6.609e-03 -1.000 1.507e-02 0.624 3.060 2.092 1.027 0.408 -0.086 -0.818 -1.398 -1.481
0.0152 0.01508 10.04139 1.0099695921 2.4749789238    0.922  1.658  3.6716  2.384    4  0.000  0.473     0.00     0.00     0.00     0.00     0.00 -1    -1e-30      0.00 6.948e-01 2.901e-01 2.343e-03 1.058e-03 6.609e-03 -1.000 1.507e-02 0.626 3.058 2.092 1.028 0.410 -0.085 -0.815 -1.395 -1.478
0.0152 0.01508 10.04139 1.0099962950 2.4749844074    0.922  1.657  3.6717  2.384    4  0.000  0.473     0.00     0.00     0.00     0.00     0.00 -1    -1e-30      0.00 6.948e-01 2.901e-01 2.343e-03 1.058e-03 6.609e-03 -1.000 1.507e-02 0.627 3.057 2.092 1.028 0.411 -0.084 -0.814 -1.394 -1.477
0.0152 0.01508 10.04139 1.0100790262 2.4750010967    0.922  1.656  3.6720  2.387    4  0.000  0.473     0.00     0.00     0.00     0.00     0.00 -1    -1e-30      0.00 6.948e-01 2.901e-01 2.343e-03 1.058e-03 6.609e-03 -1.000 1.507e-02 0.629 3.053 2.091 1.029 0.412 -0.081 -0.810 -1.390 -1.472
0.0152 0.01508 10.04139 1.0101593733 2.4750175476    0.922  1.655  3.6722  2.388    4  0.000  0.473     0.00     0.00     0.00     0.00     0.00 -1    -1e-30      0.00 6.948e-01 2.901e-01 2.343e-03 1.058e-03 6.609e-03 -1.000 1.507e-02 0.631 3.050 2.091 1.030 0.414 -0.079 -0.808 -1.386 -1.469
0.0152 0.01508 10.04139 1.0102363825 2.4750332832    0.922  1.655  3.6723  2.389    4  0.000  0.473     0.00     0.00     0.00     0.00     0.00 -1    -1e-30      0.00 6.948e-01 2.901e-01 2.343e-03 1.058e-03 6.609e-03 -1.000 1.507e-02 0.632 3.048 2.090 1.030 0.415 -0.078 -0.806 -1.384 -1.467
0.0152 0.01508 10.04139 1.0103192329 2.4750504494    0.923  1.655  3.6725  2.390    4  0.000  0.473     0.00     0.00     0.00     0.00     0.00 -1    -1e-30      0.00 6.948e-01 2.901e-01 2.343e-03 1.058e-03 6.609e-03 -1.000 1.507e-02 0.633 3.045 2.089 1.029 0.414 -0.078 -0.806 -1.383 -1.466
0.0152 0.01508 10.04139 1.0103975534 2.4750664234    0.923  1.655  3.6726  2.390    4  0.000  0.473     0.00     0.00     0.00     0.00     0.00 -1    -1e-30      0.00 6.948e-01 2.901e-01 2.343e-03 1.058e-03 6.609e-03 -1.000 1.507e-02 0.632 3.043 2.088 1.028 0.414 -0.079 -0.806 -1.383 -1.466
0.0152 0.01508 10.04139 1.0104779005 2.4750828743    0.923  1.656  3.6726  2.390    4  0.000  0.473     0.00     0.00     0.00     0.00     0.00 -1    -1e-30      0.00 6.948e-01 2.901e-01 2.343e-03 1.058e-03 6.609e-03 -1.000 1.507e-02 0.630 3.041 2.086 1.027 0.412 -0.081 -0.808 -1.385 -1.467
0.0152 0.01508 10.04139 1.0105565786 2.4750988483    0.923  1.657  3.6725  2.388    4  0.000  0.473     0.00     0.00     0.00     0.00     0.00 -1    -1e-30      0.00 6.948e-01 2.901e-01 2.343e-03 1.058e-03 6.609e-03 -1.000 1.507e-02 0.628 3.039 2.084 1.024 0.409 -0.083 -0.810 -1.388 -1.470
0.0152 0.01508 10.04139 1.0105620623 2.4751000404    0.923  1.657  3.6725  2.388    4  0.000  0.473     0.00     0.00     0.00     0.00     0.00 -1    -1e-30      0.00 6.948e-01 2.901e-01 2.343e-03 1.058e-03 6.609e-03 -1.000 1.507e-02 0.627 3.039 2.083 1.024 0.409 -0.084 -0.811 -1.388 -1.471
0.0152 0.01508 10.04139 1.0105925798 2.4751062393    0.923  1.658  3.6725  2.387    4  0.000  0.473     0.00     0.00     0.00     0.00     0.00 -1    -1e-30      0.00 6.948e-01 2.901e-01 2.343e-03 1.058e-03 6.609e-03 -1.000 1.507e-02 0.626 3.039 2.082 1.023 0.408 -0.085 -0.812 -1.390 -1.472
0.0152 0.01508 10.04139 1.0106750727 2.4751231670    0.923  1.660  3.6724  2.385    4  0.000  0.473     0.00     0.00     0.00     0.00     0.00 -1    -1e-30      0.00 6.948e-01 2.901e-01 2.343e-03 1.058e-03 6.609e-03 -1.000 1.507e-02 0.621 3.037 2.079 1.019 0.403 -0.090 -0.818 -1.396 -1.478
0.0152 0.01508 10.04139 1.0107589960 2.4751400948    0.923  1.662  3.6721  2.382    4  0.000  0.473     0.00     0.00     0.00     0.00     0.00 -1    -1e-30      0.00 6.948e-01 2.901e-01 2.343e-03 1.058e-03 6.609e-03 -1.000 1.507e-02 0.615 3.036 2.075 1.013 0.397 -0.096 -0.825 -1.403 -1.486
0.0152 0.01508 10.04139 1.0108379126 2.4751563072    0.923  1.665  3.6719  2.377    4  0.000  0.473     0.00     0.00     0.00     0.00     0.00 -1    -1e-30      0.00 6.948e-01 2.901e-01 2.343e-03 1.058e-03 6.609e-03 -1.000 1.507e-02 0.607 3.035 2.071 1.007 0.390 -0.104 -0.834 -1.413 -1.496
0.0152 0.01508 10.04139 1.0109168291 2.4751725197    0.923  1.669  3.6715  2.372    4  0.000  0.473     0.00     0.00     0.00     0.00     0.00 -1    -1e-30      0.00 6.948e-01 2.901e-01 2.343e-03 1.058e-03 6.609e-03 -1.000 1.507e-02 0.597 3.035 2.065 1.000 0.382 -0.113 -0.844 -1.424 -1.507
0.0152 0.01508 10.04139 1.0109962225 2.4751887321    0.923  1.674  3.6711  2.366    4  0.000  0.473     0.00     0.00     0.00     0.00     0.00 -1    -1e-30      0.00 6.948e-01 2.901e-01 2.343e-03 1.058e-03 6.609e-03 -1.000 1.507e-02 0.585 3.034 2.059 0.990 0.371 -0.125 -0.857 -1.439 -1.522
0.0152 0.01508 10.04139 1.0110760927 2.4752049446    0.923  1.679  3.6705  2.358    4  0.000  0.473     0.00     0.00     0.00     0.00     0.00 -1    -1e-30      0.00 6.948e-01 2.901e-01 2.343e-03 1.058e-03 6.609e-03 -1.000 1.507e-02 0.571 3.034 2.051 0.979 0.358 -0.139 -0.873 -1.457 -1.540
0.0152 0.01508 10.04139 1.0111569166 2.4752213955    0.924  1.686  3.6699  2.349    4  0.000  0.473     0.00     0.00     0.00     0.00     0.00 -1    -1e-30      0.00 6.948e-01 2.901e-01 2.343e-03 1.058e-03 6.609e-03 -1.000 1.507e-02 0.555 3.034 2.042 0.967 0.344 -0.154 -0.892 -1.476 -1.560
0.0152 0.01508 10.04139 1.0112371445 2.4752378464    0.924  1.693  3.6692  2.339    4  0.000  0.473     0.00     0.00     0.00     0.00     0.00 -1    -1e-30      0.00 6.948e-01 2.901e-01 2.343e-03 1.058e-03 6.609e-03 -1.000 1.507e-02 0.537 3.034 2.033 0.953 0.328 -0.172 -0.912 -1.499 -1.583
0.0152 0.01508 10.04139 1.0113186836 2.4752545357    0.924  1.698  3.6687  2.333    4  0.000  0.473     0.00     0.00     0.00     0.00     0.00 -1    -1e-30      0.00 6.948e-01 2.901e-01 2.343e-03 1.058e-03 6.609e-03 -1.000 1.507e-02 0.526 3.035 2.027 0.945 0.318 -0.183 -0.925 -1.513 -1.598
0.0152 0.01508 10.04139 1.0113983154 2.4752707481    0.924  1.709  3.6677  2.317    4  0.000  0.473     0.00     0.00     0.00     0.00     0.00 -1    -1e-30      0.00 6.948e-01 2.901e-01 2.343e-03 1.058e-03 6.609e-03 -1.000 1.507e-02 0.498 3.035 2.013 0.925 0.293 -0.210 -0.955 -1.547 -1.632
0.0152 0.01508 10.04139 1.0114806890 2.4752874374    0.924  1.735  3.6652  2.282    4  0.000  0.473     0.00     0.00     0.00     0.00     0.00 -1    -1e-30      0.00 6.948e-01 2.901e-01 2.343e-03 1.058e-03 6.609e-03 -1.000 1.507e-02 0.433 3.035 1.979 0.876 0.236 -0.273 -1.027 -1.626 -1.713
0.0152 0.01508 10.04139 1.0115435123 2.4753003120    0.924  1.773  3.6617  2.229    4  0.000  0.473     0.00     0.00     0.00     0.00     0.00 -1    -1e-30      0.00 6.948e-01 2.901e-01 2.343e-03 1.058e-03 6.609e-03 -1.000 1.507e-02 0.338 3.035 1.928 0.804 0.151 -0.365 -1.134 -1.743 -1.832
0.0152 0.01508 10.04139 1.0115749836 2.4753067493    0.924  1.811  3.6581  2.177    4  0.000  0.473     0.00     0.00     0.00     0.00     0.00 -1    -1e-30      0.00 6.948e-01 2.901e-01 2.343e-03 1.058e-03 6.609e-03 -1.000 1.507e-02 0.243 3.039 1.880 0.734 0.069 -0.456 -1.239 -1.859 -1.950
0.0152 0.01508 10.04139 1.0115921497 2.4753100872    0.924  1.850  3.6544  2.123    4  0.000  0.473     0.00     0.00     0.00     0.00     0.00 -1    -1e-30      0.00 6.948e-01 2.901e-01 2.343e-03 1.058e-03 6.609e-03 -1.000 1.507e-02 0.144 3.043 1.830 0.662 -0.017 -0.551 -1.349 -1.980 -2.074
0.0152 0.01508 10.04139 1.0116013288 2.4753119946    0.924  1.889  3.6508  2.070    4  0.000  0.473     0.00     0.00     0.00     0.00     0.00 -1    -1e-30      0.00 6.948e-01 2.901e-01 2.343e-03 1.058e-03 6.609e-03 -1.000 1.507e-02 0.046 3.048 1.781 0.591 -0.102 -0.645 -1.456 -2.098 -2.195
0.0152 0.01508 10.04139 1.0116062164 2.4753131866    0.924  1.928  3.6473  2.016    4  0.000  0.473     0.00     0.00     0.00     0.00     0.00 -1    -1e-30      0.00 6.948e-01 2.901e-01 2.343e-03 1.058e-03 6.609e-03 -1.000 1.507e-02 -0.051 3.055 1.734 0.522 -0.185 -0.737 -1.563 -2.216 -2.315
0.0152 0.01508 10.04139 1.0116090775 2.4753136635    0.924  1.967  3.6438  1.964    4  0.000  0.473     0.00     0.00     0.00     0.00     0.00 -1    -1e-30      0.00 6.948e-01 2.901e-01 2.343e-03 1.058e-03 6.609e-03 -1.000 1.507e-02 -0.147 3.048 1.689 0.452 -0.266 -0.828 -1.668 -2.328 -2.431
0.0152 0.01508 10.04139 1.0116109848 2.4753141403    0.924  2.005  3.6404  1.912    4  0.000  0.473     0.00     0.00     0.00     0.00     0.00 -1    -1e-30      0.00 6.948e-01 2.901e-01 2.343e-03 1.058e-03 6.609e-03 -1.000 1.507e-02 -0.243 3.030 1.643 0.380 -0.347 -0.917 -1.771 -2.438 -2.546
0.0152 0.01508 10.04139 1.0116120577 2.4753141403    0.924  2.034  3.6378  1.873    7  0.000  0.473     0.00     0.00     0.00     0.00     0.00 -1    -1e-30      0.00 6.948e-01 2.901e-01 2.343e-03 1.058e-03 6.609e-03 -1.000 1.507e-02 -0.315 3.016 1.609 0.328 -0.407 -0.983 -1.848 -2.519 -2.631
0.0152 0.01508 10.04139 1.0116122961 2.4753143787    0.924  2.044  3.6370  1.860    7  0.000  0.473     0.00     0.00     0.00     0.00     0.00 -1    -1e-30      0.00 6.948e-01 2.901e-01 2.343e-03 1.058e-03 6.609e-03 -1.000 1.507e-02 -0.340 3.011 1.597 0.310 -0.427 -1.006 -1.875 -2.548 -2.661
0.0152 0.01508 10.04139 1.0116138458 2.4753146172    0.924  2.092  3.6328  1.795    7  0.000  0.473     0.00     0.00     0.00     0.00     0.00 -1    -1e-30      0.00 6.948e-01 2.901e-01 2.343e-03 1.058e-03 6.609e-03 -1.000 1.507e-02 -0.460 2.982 1.538 0.222 -0.526 -1.117 -2.004 -2.684 -2.803
0.0152 0.01508 10.04139 1.0116151571 2.4753148556    0.924  2.133  3.6292  1.739    7  0.000  0.473     0.00     0.00     0.00     0.00     0.00 -1    -1e-30      0.00 6.948e-01 2.901e-01 2.343e-03 1.058e-03 6.609e-03 -1.000 1.507e-02 -0.563 2.954 1.487 0.146 -0.611 -1.211 -2.113 -2.799 -2.925
0.0152 0.01508 10.04139 1.0116187334 2.4753155708    0.924  2.161  3.6268  1.702    7  0.000  0.473     0.00     0.00     0.00     0.00     0.00 -1    -1e-30      0.00 6.948e-01 2.901e-01 2.343e-03 1.058e-03 6.609e-03 -1.000 1.507e-02 -0.632 2.932 1.452 0.097 -0.666 -1.274 -2.186 -2.877 -3.007
0.0152 0.01508 10.04139 1.0116223097 2.4753162861    0.924  2.128  3.6298  1.747    7  0.000  0.473     0.00     0.00     0.00     0.00     0.00 -1    -1e-30      0.00 6.948e-01 2.901e-01 2.343e-03 1.058e-03 6.609e-03 -1.000 1.507e-02 -0.549 2.956 1.492 0.155 -0.600 -1.199 -2.098 -2.783 -2.908
0.0152 0.01508 10.04139 1.0116544962 2.4753229618    0.924  2.086  3.6333  1.803    7  0.000  0.473     0.00     0.00     0.00     0.00     0.00 -1 -5.31e-19      0.00 6.948e-01 2.894e-01 2.343e-03 1.058e-03 6.609e-03 -1.000 1.583e-02 -0.446 2.984 1.545 0.232 -0.515 -1.104 -1.988 -2.667 -2.786
0.0152 0.01508 10.04139 1.0117083788 2.4753339291    0.923  2.123  3.6300  1.752    7  0.000  0.473     0.00     0.00     0.00     0.00     0.00 -1 -8.34e-10      0.00 6.948e-01 2.888e-01 2.343e-03 1.058e-03 6.609e-03 -1.000 1.643e-02 -0.538 2.963 1.500 0.165 -0.590 -1.187 -2.086 -2.771 -2.895
0.0152 0.01508 10.04139 1.0117398500 2.4753403664    0.922  2.162  3.6266  1.699    7  0.000  0.473     0.00     0.00     0.00     0.00     0.00 -1 -1.03e-09      0.00 6.948e-01 2.888e-01 2.343e-03 1.058e-03 6.609e-03 -1.000 1.643e-02 -0.634 2.935 1.453 0.097 -0.666 -1.275 -2.189 -2.880 -3.010
0.0152 0.01508 10.04139 1.0117691755 2.4753463268    0.920  2.202  3.6231  1.645    7  0.000  0.473     0.00     0.00     0.00     0.00     0.00 -1 -1.26e-09      0.00 6.948e-01 2.888e-01 2.343e-03 1.058e-03 6.609e-03 -1.000 1.643e-02 -0.734 2.903 1.403 0.026 -0.745 -1.365 -2.294 -2.991 -3.128
0.0152 0.01508 10.04139 1.0117951632 2.4753515720    0.919  2.242  3.6195  1.589    7  0.000  0.473     0.00     0.00     0.00     0.00     0.00 -1 -1.55e-09      0.00 6.948e-01 2.888e-01 2.343e-03 1.058e-03 6.609e-03 -1.000 1.643e-02 -0.836 2.869 1.351 -0.047 -0.827 -1.457 -2.402 -3.106 -3.249
0.0152 0.01508 10.04139 1.0118175745 2.4753561020    0.918  2.283  3.6160  1.533    7  0.000  0.473     0.00     0.00     0.00     0.00     0.00 -1 -1.92e-09      0.00 6.948e-01 2.888e-01 2.343e-03 1.058e-03 6.609e-03 -1.000 1.643e-02 -0.938 2.833 1.300 -0.117 -0.905 -1.547 -2.510 -3.220 -3.371
0.0152 0.01508 10.04139 1.0118372440 2.4753601551    0.916  2.324  3.6124  1.477    7  0.000  0.473     0.00     0.00     0.00     0.00     0.00 -1 -2.37e-09      0.00 6.948e-01 2.888e-01 2.343e-03 1.058e-03 6.609e-03 -1.000 1.643e-02 -1.041 2.817 1.252 -0.185 -0.984 -1.639 -2.619 -3.337 -3.495
0.0152 0.01508 10.04139 1.0118547678 2.4753637314    0.914  2.366  3.6087  1.420    7  0.000  0.473     0.00     0.00     0.00     0.00     0.00 -1 -2.92e-09      0.00 6.948e-01 2.888e-01 2.343e-03 1.058e-03 6.609e-03 -1.000 1.643e-02 -1.145 2.829 1.210 -0.248 -1.062 -1.734 -2.732 -3.460 -3.623
0.0152 0.01508 10.04139 1.0118701458 2.4753668308    0.913  2.407  3.6050  1.363    7  0.000  0.473     0.00     0.00     0.00     0.00     0.00 -1 -3.62e-09      0.00 6.948e-01 2.888e-01 2.343e-03 1.058e-03 6.609e-03 -1.000 1.643e-02 -1.249 2.840 1.171 -0.307 -1.137 -1.829 -2.844 -3.583 -3.751
0.0152 0.01508 10.04139 1.0118838549 2.4753696918    0.910  2.449  3.6013  1.306    7  0.000  0.473     0.00     0.00     0.00     0.00     0.00 -1 -4.45e-09      0.00 6.948e-01 2.888e-01 2.343e-03 1.059e-03 6.609e-03 -1.000 1.643e-02 -1.352 2.854 1.133 -0.366 -1.211 -1.922 -2.955 -3.704 -3.878
0.0152 0.01508 10.04139 1.0118964911 2.4753723145    0.908  2.490  3.5976  1.249    7  0.000  0.473     0.00     0.00     0.00     0.00     0.00 -1 -5.46e-09      0.00 6.948e-01 2.888e-01 2.343e-03 1.059e-03 6.609e-03 -1.000 1.643e-02 -1.454 2.865 1.099 -0.418 -1.280 -2.013 -3.066 -3.825 -4.004
0.0152 0.01508 10.04139 1.0119079351 2.4753744602    0.906  2.530  3.5937  1.192    7  0.000  0.473    13.37     9.62     6.68     5.18     4.20  3  -6.7e-09      0.00 6.948e-01 2.888e-01 2.342e-03 1.059e-03 6.609e-03 -1.000 1.643e-02 -1.555 2.878 1.070 -0.465 -1.343 -2.103 -3.176 -3.946 -4.131
0.0152 0.01508 10.04139 1.0119189024 2.4753768444    0.903  2.570  3.5893  1.132    7  0.000  0.472    15.14    10.71     7.40     5.75     4.66  3 -8.23e-09      0.00 6.948e-01 2.888e-01 2.340e-03 1.060e-03 6.609e-03 -1.000 1.642e-02 -1.656 2.904 1.051 -0.501 -1.400 -2.191 -3.286 -4.069 -4.260
0.0152 0.01508 10.04139 1.0119293928 2.4753789902    0.899  2.611  3.5821  1.061    7  0.000  0.472    17.55    12.16     8.35     6.50     5.28  3    -1e-08      0.00 6.948e-01 2.888e-01 2.337e-03 1.062e-03 6.609e-03 -1.000 1.638e-02 -1.757 2.981 1.088 -0.483 -1.416 -2.268 -3.404 -4.207 -4.408
0.0152 0.01508 10.04139 1.0119392872 2.4753808975    0.895  2.651  3.5764  0.996    7  0.000  0.470    20.10    13.66     9.34     7.28     5.91  3 -1.23e-08      0.00 6.948e-01 2.888e-01 2.331e-03 1.069e-03 6.609e-03 -1.000 1.637e-02 -1.858 3.019 1.106 -0.475 -1.437 -2.349 -3.519 -4.337 -4.547
0.0152 0.01508 10.04139 1.0119484663 2.4753828049    0.890  2.692  3.5722  0.936    7  0.000  0.469    22.77    15.21    10.34     8.08     6.56  3 -1.51e-08      0.00 6.948e-01 2.888e-01 2.323e-03 1.078e-03 6.609e-03 -1.000 1.637e-02 -1.960 3.032 1.104 -0.485 -1.472 -2.434 -3.633 -4.460 -4.677
0.0152 0.01508 10.04139 1.0119570494 2.4753844738    0.885  2.733  3.5677  0.874    7  0.000  0.467    25.89    16.98    11.49     8.99     7.30  2 -1.86e-08      0.00 6.948e-01 2.888e-01 2.314e-03 1.088e-03 6.609e-03 -1.000 1.637e-02 -2.063 3.044 1.111 -0.481 -1.498 -2.517 -3.749 -4.586 -4.810
0.0152 0.01508 10.04139 1.0119645596 2.4753861427    0.879  2.778  3.5628  0.807    7  0.000  0.465    29.76    19.14    12.88    10.10     8.20  2 -2.32e-08      0.00 6.948e-01 2.888e-01 2.306e-03 1.097e-03 6.609e-03 -1.000 1.637e-02 -2.175 3.055 1.129 -0.460 -1.513 -2.604 -3.876 -4.722 -4.954
0.0152 0.01508 10.04139 1.0119698048 2.4753870964    0.874  2.822  3.5578  0.741    7  0.000  0.464    34.18    21.55    14.42    11.34     9.21  2 -2.87e-08      0.00 6.948e-01 2.888e-01 2.299e-03 1.106e-03 6.609e-03 -1.000 1.637e-02 -2.285 3.066 1.161 -0.422 -1.516 -2.685 -4.001 -4.858 -5.097
0.0152 0.01508 10.04139 1.0119735003 2.4753878117    0.870  2.863  3.5531  0.679    7  0.000  0.463    38.89    24.07    16.03    12.62    10.25  2 -3.49e-08      0.00 6.948e-01 2.888e-01 2.293e-03 1.113e-03 6.609e-03 -1.000 1.637e-02 -2.387 3.075 1.206 -0.366 -1.505 -2.754 -4.116 -4.983 -5.230
0.0152 0.01508 10.04139 1.0119765997 2.4753885269    0.865  2.903  3.5482  0.617    7  0.000  0.462    44.29    26.91    17.82    14.06    11.42  2 -4.24e-08      0.00 6.948e-01 2.888e-01 2.288e-03 1.119e-03 6.609e-03 -1.000 1.637e-02 -2.488 3.086 1.263 -0.294 -1.484 -2.817 -4.233 -5.109 -5.364
0.0152 0.01508 10.04139 1.0119794607 2.4753890038    0.860  2.944  3.5432  0.554    7  0.000  0.461    50.48    30.10    19.83    15.67    12.74  2 -5.13e-08      0.00 6.948e-01 2.888e-01 2.284e-03 1.124e-03 6.609e-03 -1.000 1.635e-02 -2.589 3.096 1.340 -0.195 -1.445 -2.868 -4.350 -5.234 -5.498
0.0152 0.01508 10.04139 1.0119819641 2.4753897190    0.855  2.982  3.5384  0.494    7  0.000  0.460    57.22    33.49    21.96    17.39    14.13  2 -6.15e-08      0.00 6.948e-01 2.888e-01 2.281e-03 1.128e-03 6.609e-03 -1.000 1.635e-02 -2.684 3.108 1.427 -0.084 -1.399 -2.908 -4.460 -5.352 -5.624
0.0152 0.01508 10.04139 1.0119843483 2.4753901958    0.849  3.017  3.5335  0.436    7  0.000  0.460    64.58    37.13    24.23    19.22    15.63  1 -7.32e-08      0.00 6.948e-01 2.889e-01 2.280e-03 1.130e-03 6.609e-03 -1.000 1.633e-02 -2.773 3.124 1.541 0.058 -1.332 -2.931 -4.566 -5.464 -5.746
0.0152 0.01508 10.04139 1.0119867325 2.4753906727    0.842  3.053  3.5287  0.377    7  0.000  0.460    72.90    41.17    26.73    21.24    17.27  1 -8.68e-08      0.00 6.948e-01 2.889e-01 2.279e-03 1.131e-03 6.609e-03 -1.000 1.636e-02 -2.861 3.140 1.666 0.214 -1.259 -2.943 -4.671 -5.575 -5.865
0.0152 0.01508 10.04139 1.0119892359 2.4753911495    0.832  3.089  3.5234  0.315    7  0.000  0.460    82.92    45.92    29.67    23.62    19.21  1 -1.05e-07      0.00 6.948e-01 2.889e-01 2.279e-03 1.131e-03 6.609e-03 -1.000 1.636e-02 -2.952 3.160 1.832 0.420 -1.157 -2.925 -4.780 -5.689 -5.990
0.0152 0.01508 10.04139 1.0119919777 2.4753916264    0.821  3.124  3.5182  0.253    7  0.000  0.460    94.28    51.18    32.89    26.24    21.35  1 -1.26e-07      0.00 6.948e-01 2.889e-01 2.279e-03 1.131e-03 6.609e-03 -1.000 1.636e-02 -3.039 3.185 2.017 0.650 -1.039 -2.890 -4.884 -5.799 -6.111
0.0152 0.01508 10.04139 1.0119947195 2.4753923416    0.806  3.157  3.5130  0.192    7  0.000  0.460   107.15    56.97    36.43    29.13    23.70  1 -1.53e-07      0.00 6.948e-01 2.889e-01 2.279e-03 1.131e-03 6.609e-03 -1.000 1.636e-02 -3.122 3.216 2.234 0.926 -0.890 -2.818 -4.984 -5.904 -6.228
0.0152 0.01508 10.04139 1.0119976997 2.4753928185    0.786  3.198  3.5063  0.113    7  0.000  0.460   126.00    65.22    41.43    33.22    27.03  1 -1.94e-07      0.00 6.948e-01 2.889e-01 2.279e-03 1.131e-03 6.609e-03 -1.000 1.636e-02 -3.224 3.250 2.485 1.245 -0.718 -2.729 -5.108 -6.034 -6.371
0.0152 0.01508 10.04139 1.0119994879 2.4753932953    0.771  3.235  3.4998  0.042    7  0.000  0.460   142.90    73.87    46.64    37.50    30.52  1 -2.38e-07      0.00 6.948e-01 2.889e-01 2.279e-03 1.131e-03 6.609e-03 -1.000 1.636e-02 -3.317 3.286 2.730 1.553 -0.545 -2.625 -5.220 -6.153 -6.503
0.0152 0.01508 10.04139 1.0119999647 2.4753932953    0.765  3.295  3.4903 -0.060    7  0.000  0.460   166.74    88.63    55.48    44.74    36.43  1 -3.11e-07      0.00 6.948e-01 2.889e-01 2.279e-03 1.131e-03 6.609e-03 -1.000 1.636e-02 -3.469 3.313 3.032 1.913 -0.342 -2.489 -5.399 -6.344 -6.712
0.0152 0.01508 10.04139 1.0120000839 2.4753932953    0.764  3.301  3.4893 -0.071    7  0.000  0.460   169.51    90.39    56.53    45.60    37.13  1 -3.19e-07      0.00 6.948e-01 2.889e-01 2.279e-03 1.131e-03 6.609e-03 -1.000 1.636e-02 -3.484 3.317 3.058 1.938 -0.328 -2.478 -5.418 -6.363 -6.733
0.0152 0.01508 10.04139 1.0120002031 2.4753932953    0.763  3.291  3.4906 -0.056    7  0.000  0.460   165.43    87.86    55.02    44.37    36.12  1 -3.08e-07      0.00 6.948e-01 2.889e-01 2.279e-03 1.131e-03 6.609e-03 -1.000 1.636e-02 -3.457 3.318 3.028 1.908 -0.343 -2.487 -5.387 -6.331 -6.699
0.0152 0.01508 10.04139 1.0120003223 2.4753932953    0.762  3.302  3.4888 -0.075    7  0.000  0.460   170.32    90.94    56.86    45.87    37.35  1 -3.24e-07      0.00 6.948e-01 2.889e-01 2.279e-03 1.131e-03 6.609e-03 -1.000 1.636e-02 -3.485 3.322 3.072 1.949 -0.319 -2.470 -5.420 -6.366 -6.737
0.0152 0.01508 10.04139 1.0120004416 2.4753932953    0.760  3.316  3.4866 -0.099    7  0.000  0.460   176.61    94.92    59.23    47.82    38.94  1 -3.45e-07      0.00 6.948e-01 2.889e-01 2.279e-03 1.131e-03 6.609e-03 -1.000 1.636e-02 -3.521 3.325 3.113 1.979 -0.301 -2.457 -5.462 -6.410 -6.784
0.0152 0.01508 10.04139 1.0120005608 2.4753935337    0.758  3.338  3.4831 -0.136    7  0.000  0.460   186.75   101.39    63.08    50.98    41.52  1  -3.8e-07      0.01 6.948e-01 2.889e-01 2.279e-03 1.131e-03 6.609e-03 -1.000 1.636e-02 -3.575 3.331 3.179 2.027 -0.272 -2.436 -5.527 -6.477 -6.857
0.0152 0.01508 10.04139 1.0120006800 2.4753935337    0.755  3.357  3.4800 -0.169    7  0.000  0.460   196.32   107.57    66.74    54.00    43.98  0 -4.14e-07      0.01 6.948e-01 2.889e-01 2.279e-03 1.131e-03 6.609e-03 -1.000 1.636e-02 -3.623 3.341 3.242 2.072 -0.244 -2.414 -5.583 -6.537 -6.922
0.0152 0.01508 10.04139 1.0120009184 2.4753935337    0.751  3.376  3.4769 -0.203    7  0.524  0.460   206.36   114.13    70.61    57.19    46.59  0 -4.52e-07      0.01 6.948e-01 2.889e-01 2.279e-03 1.131e-03 6.609e-03 -1.000 1.636e-02 -3.670 3.348 3.290 2.102 -0.227 -2.406 -5.638 -6.594 -6.984
0.0152 0.01508 10.04139 1.0120011568 2.4753935337    0.746  3.396  3.4735 -0.239    7  0.522  0.460   217.78   121.69    75.06    60.87    49.59  0 -4.98e-07      0.01 6.948e-01 2.889e-01 2.279e-03 1.131e-03 6.609e-03 -1.000 1.636e-02 -3.719 3.356 3.343 2.136 -0.208 -2.395 -5.697 -6.654 -7.050
0.0152 0.01508 10.04139 1.0120015144 2.4753935337    0.738  3.414  3.4703 -0.274    7  0.521  0.460   224.01    -1.00    -1.00    -1.00    -1.00  0 -5.48e-07      0.01 6.948e-01 2.889e-01 2.279e-03 1.131e-03 6.609e-03 -1.000 1.636e-02 -3.764 3.368 3.397 2.170 -0.186 -2.381 -5.750 -6.710 -7.111
0.0152 0.01508 10.04139 1.0120018721 2.4753937721    0.731  3.426  3.4680 -0.300    8  0.521  0.481   219.96    -1.00    -1.00    -1.00    -1.00  0 -5.94e-07      0.01 6.948e-01 2.902e-01 2.391e-03 1.133e-03 6.624e-03 -1.000 1.506e-02 -3.795 3.377 3.432 2.192 -0.173 -2.376 -5.786 -6.747 -7.151
0.0152 0.01508 10.04139 1.0120018721 2.4753937721    0.730  3.148  3.5069  0.133    8  0.521  0.481   119.44    61.72    39.23    31.52    25.63  1 -1.96e-07      0.00 6.948e-01 2.902e-01 2.391e-03 1.133e-03 6.624e-03 -1.000 1.506e-02 -3.100 3.351 2.571 1.329 -0.619 -2.623 -4.981 -5.907 -6.243
0.0152 0.01508 10.04139 1.0120018721 2.4753937721    0.730  3.014  3.5274  0.349    8  0.521  0.481    75.40    41.77    27.02    21.59    17.54  1 -1.14e-07      0.00 6.948e-01 2.902e-01 2.391e-03 1.133e-03 6.624e-03 -1.000 1.506e-02 -2.765 3.276 1.830 0.383 -1.116 -2.821 -4.579 -5.484 -5.777
0.0152 0.01508 10.04139 1.0120019913 2.4753937721    0.729  2.856  3.5516  0.603    8  0.521  0.481    43.89    26.39    17.43    13.83    11.22  1 -5.87e-08      0.00 6.948e-01 2.902e-01 2.391e-03 1.133e-03 6.624e-03 -1.000 1.506e-02 -2.370 3.172 1.283 -0.300 -1.456 -2.728 -4.105 -4.972 -5.224
0.0152 0.01508 10.04139 1.0120019913 2.4753937721    0.728  2.884  3.5474  0.558    8  0.521  0.481    48.33    28.63    18.84    14.97    12.15  1 -6.64e-08      0.00 6.948e-01 2.902e-01 2.391e-03 1.133e-03 6.624e-03 -1.000 1.506e-02 -2.440 3.192 1.355 -0.211 -1.413 -2.760 -4.188 -5.063 -5.321
0.0152 0.01508 10.04139 1.0120021105 2.4753937721    0.727  3.014  3.5275  0.347    8  0.521  0.481    75.64    41.86    27.07    21.63    17.57  1 -1.15e-07      0.00 6.948e-01 2.902e-01 2.391e-03 1.133e-03 6.624e-03 -1.000 1.506e-02 -2.764 3.277 1.829 0.383 -1.116 -2.821 -4.579 -5.483 -5.777
0.0152 0.01508 10.04139 1.0120021105 2.4753937721    0.725  3.173  3.5032  0.090    8  0.521  0.481   129.58    66.59    42.18    33.93    27.60  1 -2.22e-07      0.00 6.948e-01 2.902e-01 2.391e-03 1.133e-03 6.624e-03 -1.000 1.506e-02 -3.162 3.363 2.699 1.491 -0.533 -2.576 -5.055 -5.985 -6.327
0.0152 0.01508 10.04139 1.0120022297 2.4753937721    0.723  3.300  3.4836 -0.117    8  0.521  0.481   178.36    96.80    60.28    48.78    39.70  1 -3.71e-07      0.01 6.948e-01 2.902e-01 2.391e-03 1.133e-03 6.624e-03 -1.000 1.506e-02 -3.481 3.403 3.243 2.098 -0.195 -2.357 -5.431 -6.382 -6.760
0.0152 0.01508 10.04139 1.0120023489 2.4753937721    0.720  3.380  3.4715 -0.247    8  0.521  0.481   214.38    -1.00    -1.00    -1.00    -1.00  0 -5.11e-07      0.01 6.948e-01 2.902e-01 2.391e-03 1.133e-03 6.624e-03 -1.000 1.506e-02 -3.680 3.415 3.430 2.215 -0.133 -2.324 -5.662 -6.621 -7.020
0.0152 0.01508 10.04139 1.0120024681 2.4753937721    0.718  3.418  3.4656 -0.310    8  0.521  0.481   212.92    -1.00    -1.00    -1.00    -1.00  0    -6e-07      0.01 6.948e-01 2.902e-01 2.391e-03 1.133e-03 6.624e-03 -1.000 1.506e-02 -3.776 3.416 3.498 2.253 -0.117 -2.326 -5.772 -6.734 -7.141
0.0152 0.01508 10.04139 1.0120027065 2.4753937721    0.715  3.433  3.4634 -0.335    8  0.521  0.481   211.29    -1.00    -1.00    -1.00    -1.00  0 -6.43e-07      0.01 6.948e-01 2.902e-01 2.391e-03 1.133e-03 6.624e-03 -1.000 1.506e-02 -3.811 3.423 3.527 2.268 -0.111 -2.328 -5.813 -6.776 -7.187
0.0152 0.01508 10.04139 1.0120028257 2.4753937721    0.711  3.437  3.4627 -0.344    8  0.521  0.481   209.50    -1.00    -1.00    -1.00    -1.00  0 -6.64e-07      0.01 6.948e-01 2.902e-01 2.391e-03 1.133e-03 6.624e-03 -1.000 1.506e-02 -3.823 3.429 3.539 2.275 -0.108 -2.328 -5.826 -6.790 -7.202
0.0152 0.01508 10.04139 1.0120028257 2.4753937721    0.711  3.213  3.4971  0.017    8  0.521  0.481   144.04    75.60    47.59    38.39    31.23  1 -2.77e-07      0.00 6.948e-01 2.902e-01 2.391e-03 1.133e-03 6.624e-03 -1.000 1.506e-02 -3.262 3.390 2.912 1.753 -0.389 -2.488 -5.172 -6.110 -6.465
0.0152 0.01508 10.04139 1.0120028257 2.4753937721    0.710  3.028  3.5254  0.316    8  0.521  0.481    80.62    44.08    28.43    22.75    18.48  1 -1.31e-07      0.00 6.948e-01 2.902e-01 2.391e-03 1.133e-03 6.624e-03 -1.000 1.506e-02 -2.799 3.293 1.898 0.464 -1.076 -2.814 -4.620 -5.527 -5.825
0.0152 0.01508 10.04139 1.0120029449 2.4753940105    0.710  2.870  3.5496  0.570    8  0.521  0.481    46.88    27.84    18.33    14.57    11.82  1 -6.79e-08      0.00 6.948e-01 2.902e-01 2.391e-03 1.133e-03 6.624e-03 -1.000 1.506e-02 -2.405 3.189 1.313 -0.267 -1.442 -2.748 -4.146 -5.016 -5.271
0.0152 0.01508 10.04139 1.0120029449 2.4753940105    0.708  2.897  3.5454  0.524    8  0.522  0.481    51.60    30.19    19.80    15.76    12.79  1 -7.68e-08      0.00 6.948e-01 2.902e-01 2.391e-03 1.133e-03 6.624e-03 -1.000 1.506e-02 -2.474 3.208 1.391 -0.168 -1.394 -2.775 -4.228 -5.106 -5.368
0.0152 0.01508 10.04139 1.0120030642 2.4753940105    0.707  3.027  3.5257  0.315    8  0.522  0.481    80.64    44.06    28.41    22.74    18.47  1 -1.33e-07      0.00 6.948e-01 2.902e-01 2.391e-03 1.133e-03 6.624e-03 -1.000 1.506e-02 -2.797 3.293 1.890 0.453 -1.083 -2.817 -4.617 -5.523 -5.821
0.0152 0.01508 10.04139 1.0120031834 2.4753940105    0.704  3.185  3.5015  0.059    8  0.522  0.481   134.55    69.92    44.16    35.59    28.95  1 -2.55e-07      0.00 6.948e-01 2.902e-01 2.391e-03 1.133e-03 6.624e-03 -1.000 1.506e-02 -3.192 3.381 2.766 1.571 -0.491 -2.554 -5.090 -6.021 -6.368
0.0152 0.01508 10.04139 1.0120033026 2.4753940105    0.702  3.312  3.4821 -0.147    8  0.522  0.481   184.95   101.44    63.00    51.06    41.56  0 -4.26e-07      0.01 6.948e-01 2.902e-01 2.391e-03 1.133e-03 6.624e-03 -1.000 1.506e-02 -3.510 3.422 3.285 2.126 -0.180 -2.346 -5.463 -6.415 -6.798
0.0152 0.01508 10.04139 1.0120034218 2.4753940105    0.699  3.391  3.4701 -0.276    8  0.522  0.481   203.20    -1.00    -1.00    -1.00    -1.00  0 -5.86e-07      0.01 6.948e-01 2.902e-01 2.391e-03 1.133e-03 6.624e-03 -1.000 1.506e-02 -3.707 3.438 3.467 2.237 -0.122 -2.318 -5.692 -6.652 -7.055
0.0152 0.01508 10.04139 1.0120035410 2.4753940105    0.696  3.429  3.4643 -0.339    8  0.522  0.481   201.55    -1.00    -1.00    -1.00    -1.00  0 -6.89e-07      0.02 6.948e-01 2.902e-01 2.391e-03 1.133e-03 6.624e-03 -1.000 1.506e-02 -3.802 3.444 3.533 2.272 -0.110 -2.325 -5.801 -6.764 -7.175
0.0152 0.01508 10.04139 1.0120036602 2.4753940105    0.693  3.443  3.4623 -0.363    8  0.522  0.481   199.72    -1.00    -1.00    -1.00    -1.00  0 -7.39e-07      0.02 6.948e-01 2.902e-01 2.391e-03 1.133e-03 6.624e-03 -1.000 1.506e-02 -3.837 3.454 3.563 2.287 -0.104 -2.327 -5.840 -6.805 -7.220
0.0152 0.01508 10.04139 1.0120038986 2.4753940105    0.689  3.447  3.4617 -0.373    8  0.522  0.481   197.72    -1.00    -1.00    -1.00    -1.00  0 -7.66e-07      0.02 6.948e-01 2.902e-01 2.391e-03 1.133e-03 6.624e-03 -1.000 1.506e-02 -3.849 3.461 3.574 2.293 -0.101 -2.327 -5.853 -6.818 -7.235
0.0152 0.01508 10.04139 1.0120038986 2.4753940105    0.689  3.226  3.4957 -0.015    8  0.522  0.481   149.65    79.47    49.87    40.31    32.79  1 -3.23e-07      0.00 6.948e-01 2.902e-01 2.391e-03 1.133e-03 6.624e-03 -1.000 1.506e-02 -3.294 3.405 2.962 1.807 -0.364 -2.474 -5.208 -6.147 -6.506
0.0152 0.01508 10.04139 1.0120038986 2.4753940105    0.688  3.041  3.5241  0.283    8  0.522  0.481    85.96    46.35    29.81    23.90    19.41  1 -1.53e-07      0.00 6.948e-01 2.902e-01 2.391e-03 1.133e-03 6.624e-03 -1.000 1.506e-02 -2.832 3.304 1.938 0.508 -1.060 -2.820 -4.658 -5.565 -5.867
0.0152 0.01508 10.04139 1.0120040178 2.4753940105    0.687  2.883  3.5484  0.538    8  0.522  0.481    49.88    29.26    19.21    15.30    12.41  1 -7.97e-08      0.00 6.948e-01 2.902e-01 2.391e-03 1.133e-03 6.624e-03 -1.000 1.506e-02 -2.438 3.197 1.327 -0.252 -1.442 -2.769 -4.183 -5.055 -5.312
0.0152 0.01508 10.04139 1.0120040178 2.4753940105    0.685  2.911  3.5443  0.493    8  0.522  0.481    54.90    31.72    20.74    16.54    13.42  1 -9.02e-08      0.00 6.948e-01 2.902e-01 2.391e-03 1.133e-03 6.624e-03 -1.000 1.506e-02 -2.506 3.216 1.405 -0.154 -1.395 -2.797 -4.265 -5.144 -5.408
0.0152 0.01508 10.04139 1.0120041370 2.4753942490    0.683  3.039  3.5247  0.284    8  0.522  0.481    85.71    46.20    29.71    23.83    19.35  1 -1.56e-07      0.00 6.948e-01 2.902e-01 2.391e-03 1.133e-03 6.624e-03 -1.000 1.506e-02 -2.828 3.302 1.919 0.484 -1.074 -2.827 -4.652 -5.558 -5.859
0.0152 0.01508 10.04139 1.0120042562 2.4753942490    0.681  3.196  3.5006  0.029    8  0.523  0.481   139.20    73.16    46.08    37.21    30.26  1 -2.98e-07      0.00 6.948e-01 2.902e-01 2.391e-03 1.133e-03 6.624e-03 -1.000 1.506e-02 -3.221 3.394 2.805 1.614 -0.473 -2.548 -5.120 -6.053 -6.403
0.0152 0.01508 10.04139 1.0120043755 2.4753942490    0.678  3.323  3.4813 -0.176    8  0.523  0.481   191.14   105.95    65.62    53.29    43.37  0 -4.97e-07      0.01 6.948e-01 2.902e-01 2.391e-03 1.133e-03 6.624e-03 -1.000 1.506e-02 -3.537 3.440 3.312 2.140 -0.178 -2.347 -5.491 -6.444 -6.830
0.0152 0.01508 10.04139 1.0120044947 2.4753942490    0.674  3.401  3.4694 -0.304    8  0.523  0.481   190.33    -1.00    -1.00    -1.00    -1.00  0 -6.86e-07      0.02 6.948e-01 2.902e-01 2.391e-03 1.133e-03 6.624e-03 -1.000 1.506e-02 -3.732 3.464 3.493 2.249 -0.120 -2.322 -5.717 -6.678 -7.084
0.0152 0.01508 10.04139 1.0120047331 2.4753942490    0.671  3.439  3.4638 -0.367    8  0.523  0.481   188.41    -1.00    -1.00    -1.00    -1.00  0 -8.08e-07      0.02 6.948e-01 2.902e-01 2.391e-03 1.133e-03 6.624e-03 -1.000 1.506e-02 -3.827 3.476 3.561 2.284 -0.109 -2.330 -5.824 -6.789 -7.204
0.0152 0.01508 10.04139 1.0120048523 2.4753942490    0.666  3.453  3.4619 -0.391    8  0.523  0.481   186.28    -1.00    -1.00    -1.00    -1.00  0  -8.7e-07      0.02 6.948e-01 2.902e-01 2.391e-03 1.133e-03 6.624e-03 -1.000 1.506e-02 -3.861 3.498 3.597 2.303 -0.101 -2.330 -5.861 -6.829 -7.248
0.0152 0.01508 10.04139 1.0120050907 2.4753942490    0.662  3.457  3.4615 -0.400    8  0.523  0.481   183.95    -1.00    -1.00    -1.00    -1.00  0 -9.05e-07      0.03 6.948e-01 2.902e-01 2.391e-03 1.133e-03 6.624e-03 -1.000 1.506e-02 -3.872 3.512 3.611 2.310 -0.098 -2.330 -5.872 -6.840 -7.262
0.0152 0.01508 10.04139 1.0120050907 2.4753942490    0.662  3.238  3.4953 -0.047    8  0.523  0.481   155.00    83.29    52.12    42.21    34.33  1 -3.87e-07      0.01 6.948e-01 2.902e-01 2.391e-03 1.133e-03 6.624e-03 -1.000 1.506e-02 -3.326 3.416 2.980 1.819 -0.368 -2.485 -5.240 -6.179 -6.541
0.0152 0.01508 10.04139 1.0120050907 2.4753942490    0.661  3.054  3.5239  0.252    8  0.523  0.481    91.41    48.58    31.14    25.03    20.32  1 -1.85e-07      0.00 6.948e-01 2.902e-01 2.391e-03 1.133e-03 6.624e-03 -1.000 1.506e-02 -2.865 3.303 1.932 0.497 -1.081 -2.847 -4.692 -5.598 -5.902
0.0152 0.01508 10.04139 1.0120052099 2.4753942490    0.660  2.896  3.5484  0.507    8  0.523  0.481    52.88    30.61    20.04    15.99    12.97  1  -9.6e-08      0.00 6.948e-01 2.902e-01 2.391e-03 1.133e-03 6.624e-03 -1.000 1.506e-02 -2.470 3.190 1.304 -0.282 -1.475 -2.802 -4.216 -5.087 -5.345
0.0152 0.01508 10.04139 1.0120052099 2.4753942490    0.658  2.923  3.5443  0.462    8  0.523  0.481    58.17    33.17    21.63    17.29    14.03  1 -1.09e-07      0.00 6.948e-01 2.902e-01 2.391e-03 1.133e-03 6.624e-03 -1.000 1.506e-02 -2.539 3.210 1.383 -0.184 -1.428 -2.830 -4.297 -5.175 -5.441
0.0152 0.01508 10.04139 1.0120053291 2.4753944874    0.656  3.051  3.5248  0.254    8  0.523  0.481    90.73    48.22    30.92    24.85    20.18  1 -1.87e-07      0.00 6.948e-01 2.902e-01 2.391e-03 1.133e-03 6.624e-03 -1.000 1.506e-02 -2.858 3.298 1.897 0.453 -1.107 -2.859 -4.682 -5.587 -5.889
0.0152 0.01508 10.04139 1.0120054483 2.4753944874    0.653  3.207  3.5009  0.001    8  0.524  0.481   143.29    76.17    47.84    38.72    31.48  1 -3.57e-07      0.01 6.948e-01 2.902e-01 2.391e-03 1.133e-03 6.624e-03 -1.000 1.506e-02 -3.248 3.400 2.795 1.593 -0.499 -2.574 -5.146 -6.079 -6.431
0.0152 0.01508 10.04139 1.0120055676 2.4753944874    0.649  3.333  3.4817 -0.203    8  0.524  0.481   177.81    -1.00    -1.00    -1.00    -1.00  0 -5.96e-07      0.01 6.948e-01 2.902e-01 2.391e-03 1.133e-03 6.624e-03 -1.000 1.506e-02 -3.562 3.460 3.316 2.134 -0.194 -2.368 -5.513 -6.466 -6.855
0.0152 0.01508 10.04139 1.0120056868 2.4753944874    0.646  3.411  3.4700 -0.331    8  0.524  0.481   175.96    -1.00    -1.00    -1.00    -1.00  0 -8.22e-07      0.02 6.948e-01 2.902e-01 2.391e-03 1.133e-03 6.624e-03 -1.000 1.506e-02 -3.756 3.496 3.506 2.247 -0.132 -2.338 -5.736 -6.699 -7.108
0.0152 0.01508 10.04139 1.0120059252 2.4753944874    0.642  3.448  3.4646 -0.392    8  0.524  0.481   173.89    -1.00    -1.00    -1.00    -1.00  0 -9.71e-07      0.03 6.948e-01 2.902e-01 2.391e-03 1.133e-03 6.624e-03 -1.000 1.506e-02 -3.850 3.536 3.590 2.293 -0.115 -2.340 -5.839 -6.806 -7.227
0.0152 0.01508 10.04139 1.0120060444 2.4753944874    0.637  3.462  3.4630 -0.416    8  0.524  0.481   171.61    -1.00    -1.00    -1.00    -1.00  0 -1.05e-06      0.04 6.948e-01 2.902e-01 2.391e-03 1.133e-03 6.624e-03 -1.000 1.506e-02 -3.884 3.555 3.620 2.307 -0.111 -2.343 -5.875 -6.844 -7.269
0.0152 0.01508 10.04139 1.0120062828 2.4753944874    0.632  3.466  3.4629 -0.424    8  0.524  0.481   169.11    -1.00    -1.00    -1.00    -1.00  0  -1.1e-06      0.04 6.948e-01 2.902e-01 2.391e-03 1.133e-03 6.624e-03 -1.000 1.506e-02 -3.895 3.566 3.627 2.309 -0.113 -2.348 -5.884 -6.855 -7.281
0.0152 0.01508 10.04139 1.0120087862 2.4753952026    0.526 -9.999  4.0000  1.880    9  0.526  0.000     0.00     0.00     0.00     0.00     0.00 -1    -1e-30      0.00 6.948e-01 2.902e-01 2.391e-03 1.133e-03 6.624e-03 -1.000 1.506e-02 29.767 29.720 29.983 30.032 30.020 30.018 30.066 30.065 30.082
#isochrone terminated
