# File generated by CMD 3.6 (http://stev.oapd.inaf.it/cmd) on Sat Dec 11 23:31:47 CET 2021
# isochrones based on PARSEC release v1.2S +  COLIBRI S_37 + S_35 + PR16
# Basic references: Bressan et al. (2012), MNRAS, 427, 127 + Chen et al. (2014, 2015), MNRAS, 444, 2525 + MNRAS, 452, 1068 + Tang et al. (2014), MNRAS, 445, 4287 + Marigo et al. (2017), ApJ, 835, 77 + Pastorelli al. (2019), MNRAS, 485, 5666 + Pastorelli al. (2020), MNRAS, in press
# Thermal pulse cycles included 
# On RGB, assumed Reimers mass loss with efficiency eta=0.2
# LPV periods and growth rates added cf. Trabucchi et al. (2019)
# but fundamental-mode LPV periods are from Trabucchi et al. (2021)
# Photometric system: <i>UBVRIJHK</i> (cf. Maiz-Apellaniz 2006 + Bessell 1990)
# Using YBC version of bolometric corrections as in Chen et al. (2019)
# O-rich circumstellar dpmod60alox40 dust from Groenewegen (2006)
# C-rich circumstellar AMCSIC15 dust from Groenewegen (2006)
# IMF: Kroupa (2001, 2002) + Kroupa et al. (2013) canonical two-part-power law IMF corrected for unresolved binaries 
# Kind of output: isochrone tables
Zini     MH   logAge Mini        int_IMF         Mass   logL    logTe  logg  label   McoreTP C_O  period0  period1  period2  period3  period4  pmode  Mloss  tau1m   X   Y   Xc  Xn  Xo  Cexcess  Z 	 mbolmag  Umag    Bmag    Vmag    Rmag    Imag    Jmag    Hmag    Kmag
0.0152 0.01508 10.11059 0.0900000036 1.0816895962    0.090 -3.422  3.3626  5.217    1  0.000  0.545     0.00     0.00     0.00     0.00     0.00 -1 -3.91e-17      0.00 7.077e-01 2.771e-01 2.746e-03 7.408e-04 6.719e-03 -1.000 1.527e-02 13.326 22.602 19.979 18.141 15.988 13.738 11.235 10.620 10.331
0.0152 0.01508 10.11059 0.1000000015 1.1711064577    0.100 -3.240  3.3885  5.184    1  0.000  0.545     0.00     0.00     0.00     0.00     0.00 -1 -4.78e-21      0.00 7.071e-01 2.776e-01 2.746e-03 7.408e-04 6.719e-03 -1.000 1.527e-02 12.869 22.082 19.495 17.667 15.526 13.281 10.780 10.166 9.873
0.0152 0.01508 10.11059 0.1074069068 1.2301594019    0.107 -3.136  3.4022  5.166    1  0.000  0.545     0.00     0.00     0.00     0.00     0.00 -1 -1.98e-19      0.00 7.067e-01 2.780e-01 2.746e-03 7.408e-04 6.719e-03 -1.000 1.527e-02 12.610 21.788 19.220 17.398 15.263 13.022 10.521 9.908 9.612
0.0152 0.01508 10.11059 0.1200000122 1.3193155527    0.120 -2.975  3.4234  5.137    1  0.000  0.545     0.00     0.00     0.00     0.00     0.00 -1 -1.04e-16      0.00 7.060e-01 2.787e-01 2.746e-03 7.408e-04 6.719e-03 -1.000 1.527e-02 12.207 20.990 18.559 16.766 14.717 12.533 10.133 9.520 9.221
0.0152 0.01508 10.11059 0.1400000006 1.4384527206    0.140 -2.791  3.4437  5.101    1  0.000  0.545     0.00     0.00     0.00     0.00     0.00 -1 -3.19e-19      0.00 7.050e-01 2.797e-01 2.746e-03 7.408e-04 6.719e-03 -1.000 1.527e-02 11.747 19.447 17.344 15.639 13.826 11.812 9.721 9.105 8.806
0.0152 0.01508 10.11059 0.1535338461 1.5071792603    0.153 -2.693  3.4531  5.081    1  0.000  0.545     0.00     0.00     0.00     0.00     0.00 -1 -7.09e-18      0.00 7.044e-01 2.803e-01 2.746e-03 7.408e-04 6.719e-03 -1.000 1.527e-02 11.502 18.745 16.773 15.104 13.393 11.461 9.498 8.881 8.583
0.0152 0.01508 10.11059 0.1599999964 1.5372931957    0.160 -2.649  3.4573  5.072    1  0.000  0.545     0.00     0.00     0.00     0.00     0.00 -1 -3.17e-17      0.00 7.041e-01 2.806e-01 2.746e-03 7.408e-04 6.719e-03 -1.000 1.527e-02 11.392 18.436 16.521 14.864 13.198 11.306 9.399 8.782 8.485
0.0152 0.01508 10.11059 0.2000000030 1.6938791275    0.200 -2.427  3.4760  5.022    1  0.000  0.545     0.00     0.00     0.00     0.00     0.00 -1  -2.7e-19      0.00 7.028e-01 2.819e-01 2.746e-03 7.408e-04 6.719e-03 -1.000 1.527e-02 10.838 17.087 15.389 13.792 12.308 10.583 8.890 8.271 7.982
0.0152 0.01508 10.11059 0.2500000000 1.8403258324    0.250 -2.211  3.4922  4.968    1  0.000  0.545     0.00     0.00     0.00     0.00     0.00 -1 -5.99e-19      0.00 7.018e-01 2.829e-01 2.746e-03 7.408e-04 6.719e-03 -1.000 1.527e-02 10.298 15.964 14.414 12.852 11.499 9.927 8.391 7.769 7.491
0.0152 0.01508 10.11059 0.3000000119 1.9529139996    0.300 -2.045  3.5028  4.923    1  0.000  0.545     0.00     0.00     0.00     0.00     0.00 -1 -8.83e-20      0.00 7.016e-01 2.831e-01 2.746e-03 7.408e-04 6.719e-03 -1.000 1.527e-02 9.883 15.229 13.756 12.227 10.946 9.454 8.000 7.376 7.107
0.0152 0.01508 10.11059 0.3500000238 2.0434176922    0.350 -1.901  3.5115  4.881    1  0.000  0.545     0.00     0.00     0.00     0.00     0.00 -1 -4.77e-21      0.00 7.088e-01 2.760e-01 2.746e-03 7.408e-04 6.719e-03 -1.000 1.527e-02 9.523 14.631 13.210 11.708 10.480 9.052 7.661 7.032 6.770
0.0152 0.01508 10.11059 0.4000000358 2.1185026169    0.400 -1.756  3.5227  4.839    1  0.000  0.545     0.00     0.00     0.00     0.00     0.00 -1 -1.33e-15      0.00 7.091e-01 2.756e-01 2.746e-03 7.408e-04 6.719e-03 -1.000 1.527e-02 9.161 14.012 12.637 11.163 9.993 8.643 7.326 6.690 6.438
0.0152 0.01508 10.11059 0.4500000477 2.1822810173    0.450 -1.605  3.5353  4.789    1  0.000  0.545     0.00     0.00     0.00     0.00     0.00 -1 -1.88e-15      0.00 7.091e-01 2.756e-01 2.746e-03 7.408e-04 6.719e-03 -1.000 1.527e-02 8.782 13.396 12.050 10.605 9.490 8.223 6.978 6.333 6.091
0.0152 0.01508 10.11059 0.5000000000 2.2374541759    0.500 -1.444  3.5511  4.737    1  0.000  0.545     0.00     0.00     0.00     0.00     0.00 -1 -2.74e-15      0.00 7.092e-01 2.755e-01 2.746e-03 7.408e-04 6.719e-03 -1.000 1.527e-02 8.379 12.755 11.418 10.000 8.945 7.777 6.616 5.958 5.729
0.0152 0.01508 10.11059 0.5500000119 2.2836582661    0.550 -1.259  3.5720  4.677    1  0.000  0.544     0.00     0.00     0.00     0.00     0.00 -1 -4.28e-15      0.00 7.381e-01 2.481e-01 2.491e-03 6.723e-04 6.100e-03 -1.000 1.388e-02 7.917 12.041 10.685 9.287 8.294 7.270 6.211 5.537 5.327
0.0152 0.01508 10.11059 0.6000000238 2.3211214542    0.600 -1.079  3.5981  4.639    1  0.000  0.544     0.00     0.00     0.00     0.00     0.00 -1 -6.48e-15      0.00 7.423e-01 2.441e-01 2.456e-03 6.632e-04 6.018e-03 -1.000 1.367e-02 7.468 11.326 9.931 8.571 7.642 6.787 5.829 5.134 4.962
0.0152 0.01508 10.11059 0.6499999762 2.3520355225    0.650 -0.893  3.6304  4.617    1  0.000  0.544     0.00     0.00     0.00     0.00     0.00 -1 -9.81e-15      0.00 7.461e-01 2.404e-01 2.426e-03 6.551e-04 5.946e-03 -1.000 1.352e-02 7.001 10.510 9.079 7.820 6.972 6.293 5.438 4.751 4.628
0.0152 0.01508 10.11059 0.7000000477 2.3779268265    0.700 -0.708  3.6627  4.594    1  0.000  0.544     0.00     0.00     0.00     0.00     0.00 -1 -1.48e-14      0.00 7.497e-01 2.369e-01 2.396e-03 6.473e-04 5.876e-03 -1.000 1.340e-02 6.541 9.395 8.181 7.077 6.342 5.813 5.068 4.451 4.361
0.0152 0.01508 10.11059 0.7140712738 2.3844656944    0.714 -0.656  3.6714  4.586    1  0.000  0.542     0.00     0.00     0.00     0.00     0.00 -1 -1.67e-14      0.00 7.509e-01 2.358e-01 2.378e-03 6.444e-04 5.853e-03 -1.000 1.331e-02 6.411 9.064 7.942 6.881 6.181 5.678 4.964 4.375 4.291
0.0152 0.01508 10.11059 0.7321237326 2.3924326897    0.732 -0.590  3.6822  4.574    1  0.000  0.539     0.00     0.00     0.00     0.00     0.00 -1 -1.95e-14      0.00 7.524e-01 2.344e-01 2.353e-03 6.408e-04 5.823e-03 -1.000 1.324e-02 6.245 8.647 7.646 6.638 5.982 5.507 4.832 4.281 4.201
0.0152 0.01508 10.11059 0.7491573691 2.3995466232    0.749 -0.528  3.6922  4.561    1  0.000  0.536     0.00     0.00     0.00     0.00     0.00 -1 -1.33e-14      0.00 7.538e-01 2.330e-01 2.331e-03 6.374e-04 5.796e-03 -1.000 1.320e-02 6.089 8.287 7.384 6.420 5.802 5.349 4.708 4.185 4.111
0.0152 0.01508 10.11059 0.7500000000 2.3998889923    0.750 -0.524  3.6927  4.560    1  0.000  0.536     0.00     0.00     0.00     0.00     0.00 -1 -2.27e-14      0.00 7.538e-01 2.330e-01 2.330e-03 6.372e-04 5.795e-03 -1.000 1.316e-02 6.081 8.269 7.371 6.410 5.793 5.341 4.702 4.181 4.107
0.0152 0.01508 10.11059 0.7567566633 2.4026019573    0.757 -0.500  3.6961  4.553    1  0.000  0.536     0.00     0.00     0.00     0.00     0.00 -1 -2.41e-14      0.00 7.546e-01 2.323e-01 2.324e-03 6.355e-04 5.780e-03 -1.000 1.312e-02 6.020 8.136 7.276 6.329 5.725 5.281 4.653 4.142 4.070
0.0152 0.01508 10.11059 0.7713123560 2.4082610607    0.771 -0.447  3.7032  4.537    1  0.000  0.536     0.00     0.00     0.00     0.00     0.00 -1 -2.74e-14      0.00 7.562e-01 2.307e-01 2.311e-03 6.320e-04 5.748e-03 -1.000 1.307e-02 5.888 7.858 7.075 6.158 5.580 5.150 4.546 4.056 3.987
0.0152 0.01508 10.11059 0.7844287157 2.4131543636    0.784 -0.400  3.7095  4.522    1  0.000  0.536     0.00     0.00     0.00     0.00     0.00 -1  -9.4e-17      0.00 7.576e-01 2.294e-01 2.299e-03 6.289e-04 5.720e-03 -1.000 1.302e-02 5.769 7.617 6.898 6.007 5.450 5.031 4.448 3.978 3.911
0.0152 0.01508 10.11059 0.7972092628 2.4177446365    0.797 -0.352  3.7155  4.506    1  0.000  0.536     0.00     0.00     0.00     0.00     0.00 -1 -4.49e-15      0.00 7.590e-01 2.281e-01 2.288e-03 6.259e-04 5.694e-03 -1.000 1.295e-02 5.651 7.386 6.728 5.862 5.324 4.917 4.353 3.899 3.834
0.0152 0.01508 10.11059 0.8000000119 2.4187245369    0.800 -0.342  3.7168  4.502    1  0.000  0.536     0.00     0.00     0.00     0.00     0.00 -1 -3.58e-14      0.00 7.593e-01 2.278e-01 2.285e-03 6.253e-04 5.688e-03 -1.000 1.293e-02 5.625 7.336 6.691 5.830 5.297 4.892 4.332 3.881 3.818
0.0152 0.01508 10.11059 0.8024491072 2.4195780754    0.802 -0.333  3.7179  4.499    1  0.000  0.536     0.00     0.00     0.00     0.00     0.00 -1 -3.66e-14      0.00 7.596e-01 2.275e-01 2.283e-03 6.246e-04 5.682e-03 -1.000 1.292e-02 5.603 7.292 6.659 5.803 5.273 4.870 4.313 3.865 3.802
0.0152 0.01508 10.11059 0.8156468272 2.4240760803    0.815 -0.283  3.7236  4.479    1  0.000  0.536     0.00     0.00     0.00     0.00     0.00 -1 -4.17e-14      0.00 7.612e-01 2.259e-01 2.270e-03 6.210e-04 5.649e-03 -1.000 1.288e-02 5.478 7.065 6.489 5.655 5.142 4.748 4.210 3.777 3.716
0.0152 0.01508 10.11059 0.8280346394 2.4281485081    0.827 -0.236  3.7288  4.458    1  0.000  0.536     0.00     0.00     0.00     0.00     0.00 -1 -4.35e-17      0.00 7.628e-01 2.245e-01 2.257e-03 6.177e-04 5.620e-03 -1.000 1.278e-02 5.359 6.856 6.331 5.516 5.018 4.632 4.110 3.691 3.632
0.0152 0.01508 10.11059 0.8394840360 2.4317896366    0.839 -0.191  3.7333  4.438    1  0.000  0.535     0.00     0.00     0.00     0.00     0.00 -1 -2.06e-17      0.00 7.642e-01 2.231e-01 2.246e-03 6.147e-04 5.593e-03 -1.000 1.270e-02 5.247 6.666 6.184 5.388 4.903 4.525 4.016 3.610 3.553
0.0152 0.01508 10.11059 0.8500000238 2.4350347519    0.849 -0.148  3.7374  4.417    1  0.000  0.535     0.00     0.00     0.00     0.00     0.00 -1 -5.97e-14      0.00 7.654e-01 2.219e-01 2.236e-03 6.121e-04 5.569e-03 -1.000 1.267e-02 5.141 6.492 6.047 5.267 4.794 4.423 3.927 3.531 3.475
0.0152 0.01508 10.11059 0.8524078727 2.4357647896    0.852 -0.139  3.7382  4.412    1  0.000  0.535     0.00     0.00     0.00     0.00     0.00 -1 -6.13e-14      0.00 7.657e-01 2.216e-01 2.233e-03 6.113e-04 5.562e-03 -1.000 1.266e-02 5.116 6.453 6.016 5.240 4.769 4.400 3.906 3.512 3.457
0.0152 0.01508 10.11059 0.8640828133 2.4392387867    0.863 -0.090  3.7422  4.384    1  0.000  0.535     0.00     0.00     0.00     0.00     0.00 -1 -7.04e-14      0.00 7.673e-01 2.201e-01 2.220e-03 6.077e-04 5.531e-03 -1.000 1.260e-02 4.994 6.262 5.864 5.105 4.646 4.283 3.801 3.416 3.363
0.0152 0.01508 10.11059 0.8756875396 2.4425861835    0.875 -0.040  3.7456  4.354    1  0.000  0.535     0.00     0.00     0.00     0.00     0.00 -1  -8.1e-14      0.00 7.689e-01 2.186e-01 2.208e-03 6.046e-04 5.502e-03 -1.000 1.251e-02 4.870 6.077 5.716 4.971 4.522 4.165 3.693 3.316 3.265
0.0152 0.01508 10.11059 0.8870469332 2.4457657337    0.886  0.009  3.7484  4.322    1  0.000  0.535     0.00     0.00     0.00     0.00     0.00 -1 -5.56e-16      0.00 7.700e-01 2.175e-01 2.200e-03 6.022e-04 5.481e-03 -1.000 1.245e-02 4.749 5.906 5.575 4.841 4.401 4.048 3.583 3.213 3.163
0.0152 0.01508 10.11059 0.8967389464 2.4484052658    0.895  0.052  3.7504  4.291    1  0.000  0.535     0.00     0.00     0.00     0.00     0.00 -1 -8.93e-15      0.00 7.700e-01 2.176e-01 2.201e-03 6.025e-04 5.484e-03 -1.000 1.245e-02 4.640 5.763 5.452 4.727 4.293 3.942 3.483 3.118 3.069
0.0152 0.01508 10.11059 0.8998328447 2.4492342472    0.898  0.066  3.7509  4.281    1  0.000  0.535     0.00     0.00     0.00     0.00     0.00 -1  -9.8e-14      0.00 7.698e-01 2.177e-01 2.202e-03 6.030e-04 5.489e-03 -1.000 1.246e-02 4.604 5.718 5.413 4.690 4.258 3.908 3.451 3.086 3.038
0.0152 0.01508 10.11059 0.9000000358 2.4492788315    0.899  0.067  3.7510  4.280    1  0.000  0.535     0.00     0.00     0.00     0.00     0.00 -1 -1.12e-13      0.00 7.698e-01 2.177e-01 2.203e-03 6.030e-04 5.489e-03 -1.000 1.246e-02 4.602 5.716 5.410 4.688 4.256 3.906 3.449 3.085 3.036
0.0152 0.01508 10.11059 0.9070903063 2.4511530399    0.906  0.102  3.7517  4.252    1  0.000  0.535     0.00     0.00     0.00     0.00     0.00 -1 -1.24e-13      0.00 7.688e-01 2.186e-01 2.212e-03 6.057e-04 5.513e-03 -1.000 1.254e-02 4.515 5.614 5.317 4.598 4.169 3.821 3.365 3.002 2.954
0.0152 0.01508 10.11059 0.9139978290 2.4529466629    0.913  0.137  3.7520  4.221    1  0.000  0.535     0.00     0.00     0.00     0.00     0.00 -1 -1.39e-13      0.00 7.676e-01 2.197e-01 2.224e-03 6.089e-04 5.543e-03 -1.000 1.262e-02 4.427 5.521 5.227 4.510 4.081 3.734 3.279 2.917 2.868
0.0152 0.01508 10.11059 0.9219588041 2.4549758434    0.921  0.179  3.7512  4.180    1  0.000  0.535     0.00     0.00     0.00     0.00     0.00 -1  -1.6e-13      0.00 7.652e-01 2.221e-01 2.249e-03 6.158e-04 5.606e-03 -1.000 1.276e-02 4.322 5.423 5.126 4.407 3.977 3.628 3.171 2.807 2.758
0.0152 0.01508 10.11059 0.9262943864 2.4560639858    0.925  0.203  3.7503  4.155    1  0.000  0.535     0.00     0.00     0.00     0.00     0.00 -1 -1.73e-13      0.00 7.634e-01 2.237e-01 2.266e-03 6.206e-04 5.650e-03 -1.000 1.285e-02 4.263 5.376 5.073 4.350 3.918 3.568 3.108 2.742 2.693
0.0152 0.01508 10.11059 0.9292588830 2.4568011761    0.928  0.219  3.7488  4.133    1  0.000  0.535     0.00     0.00     0.00     0.00     0.00 -1 -5.75e-14      0.00 7.609e-01 2.261e-01 2.290e-03 6.271e-04 5.710e-03 -1.000 1.298e-02 4.222 5.356 5.041 4.312 3.877 3.525 3.060 2.690 2.641
0.0152 0.01508 10.11059 0.9360869527 2.4584791660    0.935  0.256  3.7435  4.078    2  0.000  0.535     0.00     0.00     0.00     0.00     0.00 -1 -2.34e-15      0.00 7.531e-01 2.335e-01 2.360e-03 6.463e-04 5.884e-03 -1.000 1.337e-02 4.129 5.338 4.980 4.233 3.785 3.425 2.945 2.563 2.511
0.0152 0.01508 10.11059 0.9417518973 2.4598500729    0.940  0.283  3.7340  4.016    2  0.000  0.535     0.00     0.00     0.00     0.00     0.00 -1  -1.6e-14      0.00 7.440e-01 2.422e-01 2.437e-03 6.671e-04 6.070e-03 -1.000 1.383e-02 4.062 5.408 4.976 4.193 3.724 3.349 2.840 2.433 2.379
0.0152 0.01508 10.11059 0.9449248910 2.4606094360    0.943  0.294  3.7237  3.966    2  0.000  0.536     0.00     0.00     0.00     0.00     0.00 -1 -5.76e-15      0.00 7.373e-01 2.486e-01 2.490e-03 6.811e-04 6.195e-03 -1.000 1.409e-02 4.035 5.540 5.025 4.203 3.707 3.315 2.774 2.340 2.281
0.0152 0.01508 10.11059 0.9470157027 2.4611067772    0.945  0.303  3.7141  3.919    2  0.000  0.536     0.00     0.00     0.00     0.00     0.00 -1 -2.77e-14      0.00 7.324e-01 2.533e-01 2.527e-03 6.911e-04 6.284e-03 -1.000 1.431e-02 4.012 5.675 5.076 4.217 3.697 3.288 2.715 2.253 2.191
0.0152 0.01508 10.11059 0.9488954544 2.4615519047    0.947  0.324  3.7048  3.861    2  0.000  0.536     0.00     0.00     0.00     0.00     0.00 -1 -1.34e-13      0.00 7.278e-01 2.577e-01 2.560e-03 6.998e-04 6.362e-03 -1.000 1.449e-02 3.959 5.783 5.100 4.205 3.659 3.233 2.629 2.141 2.074
0.0152 0.01508 10.11059 0.9500000477 2.4618122578    0.948  0.347  3.6998  3.819    2  0.000  0.537     0.00     0.00     0.00     0.00     0.00 -1 -3.51e-13      0.00 7.249e-01 2.605e-01 2.578e-03 7.047e-04 6.405e-03 -1.000 1.459e-02 3.902 5.811 5.085 4.171 3.611 3.176 2.555 2.052 1.984
0.0152 0.01508 10.11059 0.9506604075 2.4619677067    0.949  0.363  3.6970  3.792    2  0.000  0.537     0.00     0.00     0.00     0.00     0.00 -1 -3.75e-13      0.00 7.232e-01 2.622e-01 2.589e-03 7.076e-04 6.431e-03 -1.000 1.464e-02 3.863 5.825 5.072 4.146 3.578 3.137 2.506 1.995 1.925
0.0152 0.01508 10.11059 0.9512230158 2.4621000290    0.950  0.379  3.6948  3.768    2  0.000  0.537     0.00     0.00     0.00     0.00     0.00 -1    -4e-13      0.00 7.217e-01 2.636e-01 2.598e-03 7.100e-04 6.451e-03 -1.000 1.469e-02 3.822 5.823 5.051 4.116 3.542 3.096 2.458 1.940 1.869
0.0152 0.01508 10.11059 0.9518142343 2.4622387886    0.950  0.403  3.6932  3.738    2  0.000  0.537     0.00     0.00     0.00     0.00     0.00 -1 -4.37e-13      0.00 7.201e-01 2.652e-01 2.605e-03 7.120e-04 6.469e-03 -1.000 1.469e-02 3.763 5.791 5.006 4.065 3.486 3.038 2.393 1.871 1.799
0.0152 0.01508 10.11059 0.9528033137 2.4624702930    0.951  0.446  3.6909  3.686    3  0.000  0.537     0.00     0.00     0.00     0.00     0.00 -1 -5.12e-13      0.00 7.172e-01 2.680e-01 2.616e-03 7.153e-04 6.498e-03 -1.000 1.476e-02 3.654 5.720 4.918 3.968 3.383 2.930 2.277 1.748 1.675
0.0152 0.01508 10.11059 0.9538366795 2.4627118111    0.952  0.499  3.6891  3.626    3  0.000  0.536     0.00     0.00     0.00     0.00     0.00 -1 -6.17e-13      0.00 7.138e-01 2.713e-01 2.622e-03 7.194e-04 6.524e-03 -1.000 1.483e-02 3.523 5.617 4.803 3.846 3.257 2.801 2.141 1.605 1.532
0.0152 0.01508 10.11059 0.9546728134 2.4629068375    0.953  0.546  3.6878  3.574    3  0.000  0.533     0.00     0.00     0.00     0.00     0.00 -1 -7.31e-13      0.00 7.109e-01 2.743e-01 2.614e-03 7.276e-04 6.542e-03 -1.000 1.485e-02 3.405 5.516 4.695 3.734 3.143 2.684 2.019 1.480 1.406
0.0152 0.01508 10.11059 0.9553737640 2.4630699158    0.954  0.589  3.6868  3.528    3  0.000  0.527     0.00     0.00     0.00     0.00     0.00 -1 -8.51e-13      0.00 7.081e-01 2.769e-01 2.592e-03 7.458e-04 6.556e-03 -1.000 1.490e-02 3.299 5.421 4.597 3.632 3.040 2.578 1.910 1.367 1.293
0.0152 0.01508 10.11059 0.9560432434 2.4632253647    0.954  0.633  3.6859  3.480    3  0.000  0.518     0.00     0.00     0.00     0.00     0.00 -1 -9.94e-13      0.00 7.056e-01 2.795e-01 2.553e-03 7.859e-04 6.566e-03 -1.000 1.494e-02 3.188 5.324 4.495 3.526 2.932 2.468 1.796 1.251 1.177
0.0152 0.01508 10.11059 0.9566712379 2.4633710384    0.955  0.677  3.6849  3.432    3  0.000  0.508     0.00     0.00     0.00     0.00     0.00 -1 -1.17e-12      0.00 7.032e-01 2.818e-01 2.506e-03 8.421e-04 6.575e-03 -1.000 1.500e-02 3.076 5.230 4.393 3.419 2.823 2.357 1.681 1.134 1.058
0.0152 0.01508 10.11059 0.9572582245 2.4635069370    0.955  0.723  3.6839  3.383    3  0.000  0.499     0.00     0.00     0.00     0.00     0.00 -1 -1.37e-12      0.00 7.013e-01 2.837e-01 2.463e-03 8.959e-04 6.582e-03 -1.000 1.500e-02 2.963 5.135 4.290 3.310 2.712 2.244 1.564 1.014 0.938
0.0152 0.01508 10.11059 0.9577614069 2.4636235237    0.956  0.765  3.6829  3.337    3  0.000  0.491     0.00     0.00     0.00     0.00     0.00 -1 -1.59e-12      0.00 6.997e-01 2.853e-01 2.427e-03 9.425e-04 6.587e-03 -1.000 1.502e-02 2.858 5.050 4.196 3.211 2.610 2.140 1.457 0.903 0.827
0.0152 0.01508 10.11059 0.9582776427 2.4637427330    0.956  0.811  3.6818  3.287    3  0.000  0.485     0.00     0.00     0.00     0.00     0.00 -1 -1.87e-12      0.00 6.982e-01 2.868e-01 2.396e-03 9.832e-04 6.591e-03 -1.000 1.500e-02 2.742 4.956 4.092 3.100 2.497 2.024 1.337 0.780 0.704
0.0152 0.01508 10.11059 0.9587190747 2.4638445377    0.957  0.854  3.6806  3.239    3  0.000  0.481     0.00     0.00     0.00     0.00     0.00 -1 -2.19e-12      0.00 6.973e-01 2.877e-01 2.378e-03 1.007e-03 6.594e-03 -1.000 1.502e-02 2.634 4.871 3.996 2.998 2.392 1.916 1.224 0.665 0.588
0.0152 0.01508 10.11059 0.9591277242 2.4639387131    0.957  0.897  3.6793  3.191    3  0.000  0.477     0.00     0.00     0.00     0.00     0.00 -1 -2.55e-12      0.00 6.964e-01 2.886e-01 2.361e-03 1.029e-03 6.597e-03 -1.000 1.504e-02 2.527 4.790 3.902 2.897 2.287 1.810 1.113 0.549 0.472
0.0152 0.01508 10.11059 0.9594874978 2.4640216827    0.957  0.939  3.6780  3.145    3  0.000  0.475     0.00     0.00     0.00     0.00     0.00 -1 -2.96e-12      0.00 6.958e-01 2.892e-01 2.351e-03 1.042e-03 6.598e-03 -1.000 1.504e-02 2.424 4.715 3.814 2.802 2.188 1.708 1.006 0.438 0.360
0.0152 0.01508 10.11059 0.9598237276 2.4640989304    0.958  0.980  3.6767  3.098    3  0.000  0.473     0.00     0.00     0.00     0.00     0.00 -1 -3.43e-12      0.00 6.954e-01 2.896e-01 2.343e-03 1.052e-03 6.599e-03 -1.000 1.501e-02 2.320 4.641 3.725 2.706 2.089 1.605 0.898 0.326 0.247
0.0152 0.01508 10.11059 0.9601387978 2.4641714096    0.958  1.022  3.6752  3.050    3  0.000  0.472     0.00     0.00     0.00     0.00     0.00 -1    -4e-12      0.00 6.951e-01 2.899e-01 2.338e-03 1.059e-03 6.600e-03 -1.000 1.503e-02 2.215 4.568 3.636 2.610 1.988 1.501 0.788 0.211 0.131
0.0152 0.01508 10.11059 0.9604317546 2.4642386436    0.958  1.065  3.6736  3.001    3  0.000  0.472     0.00     0.00     0.00     0.00     0.00 -1 -4.66e-12      0.00 6.949e-01 2.901e-01 2.335e-03 1.063e-03 6.601e-03 -1.000 1.502e-02 2.108 4.496 3.547 2.512 1.886 1.395 0.676 0.094 0.014
0.0152 0.01508 10.11059 0.9606879950 2.4642975330    0.958  1.105  3.6720  2.955    3  0.000  0.472     0.00     0.00     0.00     0.00     0.00 -1 -5.39e-12      0.00 6.948e-01 2.901e-01 2.335e-03 1.064e-03 6.601e-03 -1.000 1.503e-02 2.008 4.427 3.463 2.421 1.790 1.296 0.571 -0.016 -0.097
0.0152 0.01508 10.11059 0.9609259367 2.4643521309    0.959  1.145  3.6704  2.908    3  0.000  0.471     0.00     0.00     0.00     0.00     0.00 -1 -6.24e-12      0.00 6.948e-01 2.901e-01 2.334e-03 1.064e-03 6.602e-03 -1.000 1.504e-02 1.907 4.360 3.380 2.330 1.695 1.197 0.466 -0.126 -0.208
0.0152 0.01508 10.11059 0.9612103701 2.4644174576    0.959  1.198  3.6682  2.847    3  0.000  0.471     0.00     0.00     0.00     0.00     0.00 -1 -7.55e-12      0.00 6.948e-01 2.902e-01 2.334e-03 1.065e-03 6.602e-03 -1.000 1.504e-02 1.776 4.277 3.273 2.212 1.571 1.068 0.328 -0.270 -0.354
0.0152 0.01508 10.11059 0.9614089727 2.4644629955    0.959  1.237  3.6664  2.800    3  0.000  0.471     0.00     0.00     0.00     0.00     0.00 -1 -8.73e-12      0.00 6.948e-01 2.902e-01 2.334e-03 1.065e-03 6.602e-03 -1.000 1.504e-02 1.677 4.215 3.194 2.124 1.478 0.971 0.223 -0.380 -0.465
0.0152 0.01508 10.11059 0.9616468549 2.4645173550    0.959  1.289  3.6641  2.739    3  0.000  0.471     0.00     0.00     0.00     0.00     0.00 -1 -1.05e-11      0.00 6.948e-01 2.902e-01 2.333e-03 1.066e-03 6.602e-03 -1.000 1.504e-02 1.548 4.137 3.091 2.010 1.357 0.844 0.088 -0.523 -0.609
0.0152 0.01508 10.11059 0.9618635774 2.4645671844    0.959  1.340  3.6616  2.679    3  0.000  0.471     0.00     0.00     0.00     0.00     0.00 -1 -1.27e-11      0.00 6.948e-01 2.902e-01 2.333e-03 1.066e-03 6.602e-03 -1.000 1.504e-02 1.421 4.062 2.991 1.898 1.238 0.720 -0.046 -0.664 -0.752
0.0152 0.01508 10.11059 0.9620652795 2.4646131992    0.959  1.389  3.6592  2.619    3  0.000  0.471     0.00     0.00     0.00     0.00     0.00 -1 -1.52e-11      0.00 6.948e-01 2.902e-01 2.333e-03 1.066e-03 6.602e-03 -1.000 1.504e-02 1.297 3.991 2.894 1.790 1.123 0.599 -0.177 -0.802 -0.892
0.0152 0.01508 10.11059 0.9622719288 2.4646604061    0.959  1.436  3.6568  2.563    3  0.000  0.471     0.00     0.00     0.00     0.00     0.00 -1 -1.81e-11      0.00 6.948e-01 2.902e-01 2.333e-03 1.067e-03 6.602e-03 -1.000 1.504e-02 1.179 3.926 2.804 1.688 1.014 0.484 -0.301 -0.933 -1.025
0.0152 0.01508 10.11059 0.9624741673 2.4647066593    0.959  1.468  3.6554  2.526    3  0.000  0.471     0.00     0.00     0.00     0.00     0.00 -1 -2.04e-11      0.00 6.947e-01 2.902e-01 2.332e-03 1.067e-03 6.602e-03 -1.000 1.504e-02 1.101 3.881 2.743 1.620 0.942 0.408 -0.382 -1.020 -1.113
0.0152 0.01508 10.11059 0.9625995755 2.4647355080    0.959  1.448  3.6568  2.551    3  0.000  0.471     0.00     0.00     0.00     0.00     0.00 -1 -1.92e-11      0.00 6.947e-01 2.902e-01 2.332e-03 1.067e-03 6.602e-03 -1.000 1.504e-02 1.150 3.898 2.776 1.660 0.986 0.456 -0.330 -0.963 -1.055
0.0152 0.01508 10.11059 0.9627158642 2.4647619724    0.959  1.409  3.6592  2.600    3  0.000  0.471     0.00     0.00     0.00     0.00     0.00 -1 -1.67e-11      0.00 6.947e-01 2.902e-01 2.332e-03 1.067e-03 6.602e-03 -1.000 1.504e-02 1.247 3.939 2.844 1.740 1.073 0.550 -0.226 -0.851 -0.941
0.0152 0.01508 10.11059 0.9627422690 2.4647679329    0.959  1.401  3.6598  2.611    3  0.000  0.471     0.00     0.00     0.00     0.00     0.00 -1  -1.6e-11      0.00 6.947e-01 2.902e-01 2.332e-03 1.067e-03 6.602e-03 -1.000 1.504e-02 1.269 3.948 2.858 1.757 1.093 0.570 -0.203 -0.826 -0.916
0.0152 0.01508 10.11059 0.9628913403 2.4648020267    0.959  1.449  3.6572  2.552    3  0.000  0.471     0.00     0.00     0.00     0.00     0.00 -1  -1.9e-11      0.00 6.947e-01 2.902e-01 2.332e-03 1.068e-03 6.603e-03 -1.000 1.504e-02 1.147 3.885 2.767 1.653 0.981 0.452 -0.331 -0.963 -1.054
0.0152 0.01508 10.11059 0.9630402327 2.4648361206    0.959  1.498  3.6546  2.493    3  0.000  0.471     0.00     0.00     0.00     0.00     0.00 -1 -2.26e-11      0.00 6.947e-01 2.902e-01 2.332e-03 1.068e-03 6.603e-03 -1.000 1.504e-02 1.026 3.825 2.677 1.550 0.870 0.335 -0.459 -1.099 -1.193
0.0152 0.01508 10.11059 0.9631822109 2.4648685455    0.959  1.547  3.6518  2.433    3  0.000  0.471     0.00     0.00     0.00     0.00     0.00 -1 -2.71e-11      0.00 6.947e-01 2.902e-01 2.332e-03 1.068e-03 6.603e-03 -1.000 1.504e-02 0.903 3.784 2.593 1.447 0.757 0.214 -0.590 -1.238 -1.333
0.0152 0.01508 10.11059 0.9633131027 2.4648983479    0.959  1.596  3.6491  2.373    3  0.000  0.471     0.00     0.00     0.00     0.00     0.00 -1 -3.26e-11      0.00 6.947e-01 2.903e-01 2.331e-03 1.068e-03 6.603e-03 -1.000 1.504e-02 0.781 3.745 2.510 1.346 0.645 0.095 -0.721 -1.376 -1.474
0.0152 0.01508 10.11059 0.9634308219 2.4649250507    0.959  1.643  3.6463  2.314    3  0.000  0.471     0.00     0.00     0.00     0.00     0.00 -1 -3.89e-11      0.00 6.947e-01 2.903e-01 2.331e-03 1.068e-03 6.603e-03 -1.000 1.504e-02 0.662 3.712 2.432 1.248 0.537 -0.021 -0.848 -1.512 -1.611
0.0152 0.01508 10.11059 0.9635391235 2.4649498463    0.959  1.691  3.6435  2.255    3  0.000  0.471     0.00     0.00     0.00     0.00     0.00 -1 -4.65e-11      0.00 6.947e-01 2.903e-01 2.331e-03 1.069e-03 6.603e-03 -1.000 1.504e-02 0.542 3.680 2.355 1.152 0.429 -0.137 -0.975 -1.647 -1.748
0.0152 0.01508 10.11059 0.9636380672 2.4649724960    0.959  1.739  3.6406  2.196    3  0.000  0.471     0.00     0.00     0.00     0.00     0.00 -1 -5.55e-11      0.00 6.947e-01 2.903e-01 2.331e-03 1.069e-03 6.603e-03 -1.000 1.504e-02 0.423 3.651 2.279 1.056 0.322 -0.252 -1.102 -1.783 -1.886
0.0152 0.01508 10.11059 0.9637274742 2.4649927616    0.959  1.786  3.6377  2.137    3  0.000  0.471     0.00     0.00     0.00     0.00     0.00 -1 -6.62e-11      0.00 6.947e-01 2.903e-01 2.331e-03 1.069e-03 6.603e-03 -1.000 1.504e-02 0.306 3.626 2.206 0.964 0.219 -0.365 -1.227 -1.916 -2.022
0.0152 0.01508 10.11059 0.9638074040 2.4650111198    0.959  1.831  3.6348  2.080    3  0.000  0.471     0.00     0.00     0.00     0.00     0.00 -1 -7.86e-11      0.00 6.947e-01 2.903e-01 2.331e-03 1.069e-03 6.603e-03 -1.000 1.504e-02 0.192 3.604 2.137 0.875 0.119 -0.474 -1.349 -2.047 -2.155
0.0152 0.01508 10.11059 0.9638820291 2.4650280476    0.958  1.878  3.6319  2.021    3  0.000  0.471     0.00     0.00     0.00     0.00     0.00 -1 -9.35e-11      0.00 6.947e-01 2.903e-01 2.331e-03 1.069e-03 6.603e-03 -1.000 1.504e-02 0.076 3.584 2.068 0.786 0.018 -0.585 -1.472 -2.180 -2.290
0.0152 0.01508 10.11059 0.9639498591 2.4650435448    0.958  1.923  3.6289  1.964    3  0.000  0.471     0.00     0.00     0.00     0.00     0.00 -1 -1.11e-10      0.00 6.947e-01 2.903e-01 2.331e-03 1.069e-03 6.603e-03 -1.000 1.504e-02 -0.038 3.545 2.001 0.697 -0.079 -0.693 -1.592 -2.306 -2.420
0.0152 0.01508 10.11059 0.9640105367 2.4650573730    0.958  1.968  3.6260  1.907    3  0.000  0.471     0.00     0.00     0.00     0.00     0.00 -1 -1.31e-10      0.00 6.947e-01 2.903e-01 2.331e-03 1.069e-03 6.603e-03 -1.000 1.504e-02 -0.150 3.495 1.936 0.610 -0.173 -0.796 -1.709 -2.426 -2.546
0.0152 0.01508 10.11059 0.9640669227 2.4650700092    0.957  2.013  3.6229  1.850    3  0.000  0.471     0.00     0.00     0.00     0.00     0.00 -1 -1.56e-10      0.00 6.947e-01 2.903e-01 2.331e-03 1.070e-03 6.603e-03 -1.000 1.504e-02 -0.262 3.441 1.870 0.521 -0.268 -0.901 -1.827 -2.548 -2.674
0.0152 0.01508 10.11059 0.9641174078 2.4650816917    0.957  2.057  3.6199  1.794    3  0.000  0.471     0.00     0.00     0.00     0.00     0.00 -1 -1.84e-10      0.00 6.947e-01 2.903e-01 2.331e-03 1.070e-03 6.603e-03 -1.000 1.504e-02 -0.372 3.389 1.805 0.435 -0.360 -1.002 -1.942 -2.667 -2.798
0.0152 0.01508 10.11059 0.9641641378 2.4650921822    0.957  2.101  3.6168  1.737    3  0.000  0.471     0.00     0.00     0.00     0.00     0.00 -1 -2.17e-10      0.00 6.947e-01 2.903e-01 2.330e-03 1.070e-03 6.603e-03 -1.000 1.504e-02 -0.483 3.333 1.741 0.352 -0.449 -1.103 -2.057 -2.787 -2.924
0.0152 0.01508 10.11059 0.9642071128 2.4651019573    0.956  2.145  3.6137  1.680    3  0.000  0.471     0.00     0.00     0.00     0.00     0.00 -1 -2.57e-10      0.00 6.947e-01 2.903e-01 2.330e-03 1.070e-03 6.603e-03 -1.000 1.504e-02 -0.593 3.276 1.677 0.269 -0.539 -1.203 -2.172 -2.906 -3.050
0.0152 0.01508 10.11059 0.9642452002 2.4651107788    0.956  2.187  3.6107  1.626    3  0.000  0.471     0.00     0.00     0.00     0.00     0.00 -1 -3.01e-10      0.00 6.947e-01 2.903e-01 2.330e-03 1.070e-03 6.603e-03 -1.000 1.504e-02 -0.698 3.223 1.616 0.190 -0.625 -1.299 -2.282 -3.021 -3.171
0.0152 0.01508 10.11059 0.9642816186 2.4651188850    0.955  2.231  3.6075  1.569    3  0.000  0.471     0.00     0.00     0.00     0.00     0.00 -1 -3.56e-10      0.00 6.947e-01 2.903e-01 2.330e-03 1.070e-03 6.603e-03 -1.000 1.504e-02 -0.807 3.165 1.553 0.112 -0.710 -1.396 -2.395 -3.139 -3.296
0.0152 0.01508 10.11059 0.9643141031 2.4651262760    0.955  2.273  3.6044  1.515    3  0.000  0.471     0.00     0.00     0.00     0.00     0.00 -1 -4.17e-10      0.00 6.947e-01 2.903e-01 2.330e-03 1.070e-03 6.603e-03 -1.000 1.504e-02 -0.912 3.110 1.494 0.038 -0.792 -1.490 -2.505 -3.254 -3.418
0.0152 0.01508 10.11059 0.9643440843 2.4651331902    0.954  2.315  3.6012  1.460    3  0.000  0.471     0.00     0.00     0.00     0.00     0.00 -1  -4.9e-10      0.00 6.947e-01 2.903e-01 2.330e-03 1.070e-03 6.603e-03 -1.000 1.504e-02 -1.017 3.094 1.443 -0.030 -0.872 -1.585 -2.616 -3.372 -3.542
0.0152 0.01508 10.11059 0.9643718004 2.4651396275    0.953  2.356  3.5980  1.405    3  0.000  0.471     0.00     0.00     0.00     0.00     0.00 -1 -5.74e-10      0.00 6.947e-01 2.903e-01 2.330e-03 1.070e-03 6.603e-03 -1.000 1.504e-02 -1.121 3.090 1.398 -0.092 -0.948 -1.680 -2.728 -3.493 -3.667
0.0152 0.01508 10.11059 0.9643969536 2.4651453495    0.953  2.397  3.5948  1.351    3  0.000  0.470     0.00     0.00     0.00     0.00     0.00 -1 -6.71e-10      0.00 6.947e-01 2.903e-01 2.330e-03 1.070e-03 6.603e-03 -1.000 1.504e-02 -1.222 3.085 1.356 -0.148 -1.019 -1.773 -2.837 -3.610 -3.790
0.0152 0.01508 10.11059 0.9644201994 2.4651505947    0.952  2.437  3.5916  1.298    3  0.000  0.470     0.00     0.00     0.00     0.00     0.00 -1 -7.84e-10      0.00 6.947e-01 2.903e-01 2.330e-03 1.070e-03 6.603e-03 -1.000 1.504e-02 -1.323 3.084 1.316 -0.203 -1.088 -1.864 -2.946 -3.728 -3.912
0.0152 0.01508 10.11059 0.9644420147 2.4651556015    0.951  2.478  3.5883  1.243    3  0.000  0.470     0.00     0.00     0.00     0.00     0.00 -1 -9.17e-10      0.00 6.947e-01 2.903e-01 2.330e-03 1.070e-03 6.603e-03 -1.000 1.504e-02 -1.425 3.079 1.279 -0.254 -1.154 -1.956 -3.056 -3.846 -4.036
0.0152 0.01508 10.11059 0.9644610882 2.4651598930    0.950  2.516  3.5850  1.192    3  0.000  0.470    13.58     9.75     6.77     5.24     4.25  3 -1.06e-09      0.00 6.947e-01 2.903e-01 2.330e-03 1.070e-03 6.603e-03 -1.000 1.504e-02 -1.521 3.076 1.249 -0.295 -1.211 -2.041 -3.159 -3.958 -4.153
0.0152 0.01508 10.11059 0.9644790888 2.4651639462    0.949  2.555  3.5817  1.139    3  0.000  0.470    15.15    10.71     7.41     5.75     4.66  3 -1.24e-09      0.00 6.947e-01 2.903e-01 2.330e-03 1.070e-03 6.603e-03 -1.000 1.504e-02 -1.617 3.074 1.219 -0.337 -1.269 -2.127 -3.264 -4.071 -4.271
0.0152 0.01508 10.11059 0.9644960761 2.4651677608    0.948  2.594  3.5784  1.086    3  0.000  0.470    16.93    11.78     8.12     6.30     5.12  3 -1.44e-09      0.00 6.947e-01 2.903e-01 2.330e-03 1.070e-03 6.603e-03 -1.000 1.504e-02 -1.715 3.070 1.194 -0.372 -1.321 -2.213 -3.370 -4.186 -4.391
0.0152 0.01508 10.11059 0.9645149112 2.4651720524    0.947  2.641  3.5742  1.022    3  0.000  0.470    19.35    13.23     9.06     7.05     5.72  3 -1.72e-09      0.00 6.947e-01 2.903e-01 2.330e-03 1.070e-03 6.603e-03 -1.000 1.504e-02 -1.832 3.063 1.171 -0.400 -1.374 -2.314 -3.498 -4.324 -4.535
0.0152 0.01508 10.11059 0.9645320773 2.4651758671    0.945  2.687  3.5699  0.958    3  0.000  0.470    22.11    14.84    10.12     7.88     6.40  3 -2.06e-09      0.00 6.947e-01 2.903e-01 2.330e-03 1.070e-03 6.603e-03 -1.000 1.504e-02 -1.947 3.064 1.156 -0.424 -1.422 -2.412 -3.625 -4.460 -4.679
0.0152 0.01508 10.11059 0.9645475149 2.4651794434    0.943  2.731  3.5656  0.896    3  0.000  0.470    25.17    16.60    11.26     8.79     7.14  3 -2.46e-09      0.00 6.947e-01 2.903e-01 2.330e-03 1.070e-03 6.603e-03 -1.000 1.504e-02 -2.058 3.062 1.159 -0.420 -1.449 -2.501 -3.749 -4.593 -4.818
0.0152 0.01508 10.11059 0.9645619392 2.4651827812    0.942  2.776  3.5613  0.834    3  0.000  0.470    28.67    18.57    12.53     9.80     7.96  2 -2.93e-09      0.00 6.947e-01 2.903e-01 2.330e-03 1.070e-03 6.603e-03 -1.000 1.504e-02 -2.169 3.061 1.163 -0.414 -1.476 -2.590 -3.873 -4.725 -4.957
0.0152 0.01508 10.11059 0.9645751119 2.4651858807    0.940  2.819  3.5570  0.772    3  0.000  0.470    32.61    20.75    13.93    10.92     8.87  2 -3.48e-09      0.00 6.947e-01 2.903e-01 2.330e-03 1.070e-03 6.603e-03 -1.000 1.504e-02 -2.278 3.059 1.182 -0.389 -1.489 -2.672 -3.995 -4.856 -5.095
0.0152 0.01508 10.11059 0.9645869732 2.4651885033    0.937  2.861  3.5527  0.712    3  0.000  0.470    36.98    23.13    15.45    12.13     9.86  2 -4.11e-09      0.00 6.947e-01 2.903e-01 2.330e-03 1.070e-03 6.603e-03 -1.000 1.504e-02 -2.383 3.057 1.210 -0.353 -1.492 -2.748 -4.113 -4.982 -5.229
0.0152 0.01508 10.11059 0.9645980597 2.4651908875    0.935  2.903  3.5484  0.651    3  0.000  0.470    41.95    25.79    17.14    13.47    10.95  2 -4.86e-09      0.00 6.947e-01 2.903e-01 2.330e-03 1.070e-03 6.603e-03 -1.000 1.504e-02 -2.488 3.057 1.249 -0.301 -1.487 -2.818 -4.231 -5.108 -5.362
0.0152 0.01508 10.11059 0.9646083713 2.4651932716    0.932  2.945  3.5439  0.591    3  0.000  0.470    47.60    28.75    19.02    14.97    12.18  2 -5.74e-09      0.00 6.946e-01 2.903e-01 2.330e-03 1.070e-03 6.603e-03 -1.000 1.504e-02 -2.592 3.055 1.304 -0.227 -1.467 -2.877 -4.350 -5.234 -5.495
0.0152 0.01508 10.11059 0.9646177292 2.4651954174    0.930  2.985  3.5395  0.532    3  0.000  0.470    53.81    31.95    21.04    16.59    13.49  2 -6.75e-09      0.00 6.946e-01 2.903e-01 2.330e-03 1.070e-03 6.603e-03 -1.000 1.504e-02 -2.692 3.056 1.365 -0.148 -1.443 -2.932 -4.464 -5.355 -5.624
0.0152 0.01508 10.11059 0.9646264911 2.4651975632    0.927  3.024  3.5351  0.473    3  0.000  0.470    60.80    35.49    23.25    18.37    14.95  2 -7.92e-09      0.00 6.946e-01 2.903e-01 2.330e-03 1.070e-03 6.603e-03 -1.000 1.504e-02 -2.790 3.056 1.451 -0.036 -1.400 -2.969 -4.578 -5.474 -5.752
0.0152 0.01508 10.11059 0.9646344781 2.4651992321    0.923  3.063  3.5307  0.416    3  0.000  0.470    68.55    39.35    25.66    20.30    16.52  2 -9.26e-09      0.00 6.946e-01 2.903e-01 2.330e-03 1.070e-03 6.603e-03 -1.000 1.504e-02 -2.886 3.060 1.542 0.081 -1.354 -3.004 -4.689 -5.591 -5.877
0.0152 0.01508 10.11059 0.9646420479 2.4652009010    0.920  3.101  3.5262  0.358    3  0.000  0.470    77.31    43.63    28.32    22.45    18.27  1 -1.08e-08      0.00 6.946e-01 2.903e-01 2.330e-03 1.070e-03 6.603e-03 -1.000 1.504e-02 -2.982 3.062 1.660 0.230 -1.290 -3.013 -4.800 -5.707 -6.002
0.0152 0.01508 10.11059 0.9646488428 2.4652025700    0.916  3.137  3.5218  0.302    3  0.000  0.470    86.83    48.21    31.14    24.73    20.13  1 -1.26e-08      0.00 6.946e-01 2.903e-01 2.330e-03 1.071e-03 6.603e-03 -1.000 1.504e-02 -3.072 3.068 1.788 0.390 -1.218 -3.013 -4.906 -5.817 -6.121
0.0152 0.01508 10.11059 0.9646553397 2.4652040005    0.912  3.173  3.5173  0.246    3  0.000  0.470    97.65    53.32    34.28    27.26    22.20  1 -1.46e-08      0.00 6.946e-01 2.903e-01 2.330e-03 1.071e-03 6.603e-03 -1.000 1.504e-02 -3.163 3.075 1.940 0.585 -1.124 -2.988 -5.012 -5.928 -6.241
0.0152 0.01508 10.11059 0.9646613002 2.4652054310    0.907  3.208  3.5129  0.191    3  0.000  0.470   109.41    58.77    37.62    29.97    24.41  1 -1.69e-08      0.00 6.946e-01 2.903e-01 2.330e-03 1.071e-03 6.603e-03 -1.000 1.504e-02 -3.250 3.085 2.109 0.805 -1.014 -2.943 -5.113 -6.033 -6.357
0.0152 0.01508 10.11059 0.9646669626 2.4652066231    0.902  3.243  3.5084  0.136    3  0.000  0.470   122.74    64.84    41.32    32.97    26.86  1 -1.96e-08      0.00 6.946e-01 2.903e-01 2.330e-03 1.071e-03 6.603e-03 -1.000 1.504e-02 -3.337 3.091 2.265 1.008 -0.913 -2.902 -5.215 -6.139 -6.472
0.0152 0.01508 10.11059 0.9646723270 2.4652078152    0.897  3.277  3.5039  0.081    3  0.000  0.470   137.59    71.49    45.35    36.25    29.53  1 -2.27e-08      0.00 6.946e-01 2.903e-01 2.330e-03 1.071e-03 6.603e-03 -1.000 1.504e-02 -3.423 3.092 2.403 1.187 -0.824 -2.860 -5.315 -6.244 -6.585
0.0152 0.01508 10.11059 0.9646773934 2.4652090073    0.891  3.311  3.4994  0.026    3  0.000  0.470   154.21    78.80    49.76    39.83    32.46  1 -2.62e-08      0.00 6.946e-01 2.903e-01 2.330e-03 1.071e-03 6.603e-03 -1.000 1.504e-02 -3.508 3.099 2.557 1.383 -0.722 -2.805 -5.414 -6.347 -6.697
0.0152 0.01508 10.11059 0.9646822214 2.4652101994    0.884  3.345  3.4949 -0.028    3  0.000  0.470   167.36    86.80    54.57    43.75    35.66  1 -3.02e-08      0.00 6.946e-01 2.903e-01 2.330e-03 1.071e-03 6.603e-03 -1.000 1.504e-02 -3.591 3.102 2.691 1.544 -0.637 -2.752 -5.511 -6.449 -6.808
0.0152 0.01508 10.11059 0.9646876454 2.4652113914    0.876  3.382  3.4898 -0.091    3  0.000  0.470   183.63    96.99    60.65    48.73    39.73  1 -3.56e-08      0.00 6.946e-01 2.903e-01 2.330e-03 1.071e-03 6.603e-03 -1.000 1.504e-02 -3.686 3.108 2.847 1.727 -0.539 -2.690 -5.622 -6.565 -6.934
0.0152 0.01508 10.11059 0.9646910429 2.4652121067    0.870  3.405  3.4866 -0.129    3  0.000  0.470   194.19   103.70    64.65    52.01    42.40  1 -3.93e-08      0.00 6.946e-01 2.903e-01 2.330e-03 1.071e-03 6.603e-03 -1.000 1.504e-02 -3.742 3.107 2.900 1.764 -0.521 -2.678 -5.688 -6.633 -7.007
0.0152 0.01508 10.11059 0.9646910429 2.4652121067    0.870  1.661  3.6674  2.338    4  0.000  0.473     0.00     0.00     0.00     0.00     0.00 -1    -1e-30      0.00 6.948e-01 2.901e-01 2.343e-03 1.058e-03 6.609e-03 -1.000 1.507e-02 0.618 3.155 2.134 1.047 0.414 -0.089 -0.836 -1.428 -1.514
0.0152 0.01508 10.11059 0.9647634625 2.4652285576    0.870  1.669  3.6669  2.328    4  0.000  0.473     0.00     0.00     0.00     0.00     0.00 -1    -1e-30      0.00 6.948e-01 2.901e-01 2.343e-03 1.058e-03 6.609e-03 -1.000 1.507e-02 0.598 3.150 2.121 1.030 0.396 -0.109 -0.857 -1.451 -1.537
0.0152 0.01508 10.11059 0.9648300409 2.4652438164    0.870  1.672  3.6668  2.325    4  0.000  0.473     0.00     0.00     0.00     0.00     0.00 -1    -1e-30      0.00 6.948e-01 2.901e-01 2.343e-03 1.058e-03 6.609e-03 -1.000 1.507e-02 0.590 3.146 2.114 1.023 0.389 -0.117 -0.865 -1.460 -1.546
0.0152 0.01508 10.11059 0.9648978710 2.4652590752    0.870  1.671  3.6671  2.326    4  0.000  0.473     0.00     0.00     0.00     0.00     0.00 -1    -1e-30      0.00 6.948e-01 2.901e-01 2.343e-03 1.058e-03 6.609e-03 -1.000 1.507e-02 0.591 3.140 2.112 1.022 0.389 -0.116 -0.864 -1.457 -1.543
0.0152 0.01508 10.11059 0.9649661779 2.4652745724    0.870  1.669  3.6675  2.331    4  0.000  0.473     0.00     0.00     0.00     0.00     0.00 -1    -1e-30      0.00 6.948e-01 2.901e-01 2.343e-03 1.058e-03 6.609e-03 -1.000 1.507e-02 0.597 3.134 2.113 1.025 0.393 -0.110 -0.857 -1.449 -1.534
0.0152 0.01508 10.11059 0.9650327563 2.4652898312    0.870  1.666  3.6681  2.336    4  0.000  0.473     0.00     0.00     0.00     0.00     0.00 -1    -1e-30      0.00 6.948e-01 2.901e-01 2.343e-03 1.058e-03 6.609e-03 -1.000 1.507e-02 0.604 3.128 2.113 1.029 0.399 -0.104 -0.848 -1.438 -1.523
0.0152 0.01508 10.11059 0.9651026130 2.4653055668    0.870  1.663  3.6687  2.341    4  0.000  0.473     0.00     0.00     0.00     0.00     0.00 -1    -1e-30      0.00 6.948e-01 2.901e-01 2.343e-03 1.058e-03 6.609e-03 -1.000 1.507e-02 0.613 3.121 2.114 1.033 0.405 -0.096 -0.838 -1.426 -1.511
0.0152 0.01508 10.11059 0.9651706219 2.4653210640    0.870  1.660  3.6692  2.347    4  0.000  0.473     0.00     0.00     0.00     0.00     0.00 -1    -1e-30      0.00 6.948e-01 2.901e-01 2.343e-03 1.058e-03 6.609e-03 -1.000 1.507e-02 0.621 3.114 2.115 1.037 0.411 -0.088 -0.828 -1.415 -1.499
0.0152 0.01508 10.11059 0.9652397633 2.4653367996    0.871  1.657  3.6698  2.352    4  0.000  0.473     0.00     0.00     0.00     0.00     0.00 -1    -1e-30      0.00 6.948e-01 2.901e-01 2.343e-03 1.058e-03 6.609e-03 -1.000 1.507e-02 0.628 3.108 2.116 1.041 0.417 -0.081 -0.818 -1.404 -1.488
0.0152 0.01508 10.11059 0.9653084874 2.4653525352    0.871  1.654  3.6703  2.357    4  0.000  0.473     0.00     0.00     0.00     0.00     0.00 -1    -1e-30      0.00 6.948e-01 2.901e-01 2.343e-03 1.058e-03 6.609e-03 -1.000 1.507e-02 0.636 3.102 2.117 1.045 0.423 -0.074 -0.810 -1.394 -1.477
0.0152 0.01508 10.11059 0.9653792381 2.4653685093    0.871  1.651  3.6708  2.362    4  0.000  0.473     0.00     0.00     0.00     0.00     0.00 -1    -1e-30      0.00 6.948e-01 2.901e-01 2.343e-03 1.058e-03 6.609e-03 -1.000 1.507e-02 0.642 3.097 2.118 1.048 0.428 -0.068 -0.802 -1.384 -1.467
0.0152 0.01508 10.11059 0.9654534459 2.4653854370    0.871  1.649  3.6713  2.366    4  0.000  0.473     0.00     0.00     0.00     0.00     0.00 -1    -1e-30      0.00 6.948e-01 2.901e-01 2.343e-03 1.058e-03 6.609e-03 -1.000 1.507e-02 0.648 3.092 2.119 1.051 0.433 -0.063 -0.795 -1.375 -1.459
0.0152 0.01508 10.11059 0.9655278921 2.4654021263    0.871  1.647  3.6717  2.370    4  0.000  0.473     0.00     0.00     0.00     0.00     0.00 -1    -1e-30      0.00 6.948e-01 2.901e-01 2.343e-03 1.058e-03 6.609e-03 -1.000 1.507e-02 0.653 3.087 2.119 1.054 0.437 -0.058 -0.788 -1.368 -1.451
0.0152 0.01508 10.11059 0.9656005502 2.4654188156    0.871  1.645  3.6720  2.373    4  0.000  0.473     0.00     0.00     0.00     0.00     0.00 -1    -1e-30      0.00 6.948e-01 2.901e-01 2.343e-03 1.058e-03 6.609e-03 -1.000 1.507e-02 0.657 3.083 2.120 1.056 0.440 -0.054 -0.783 -1.361 -1.444
0.0152 0.01508 10.11059 0.9656243324 2.4654240608    0.871  1.645  3.6722  2.374    4  0.000  0.473     0.00     0.00     0.00     0.00     0.00 -1    -1e-30      0.00 6.948e-01 2.901e-01 2.343e-03 1.058e-03 6.609e-03 -1.000 1.507e-02 0.658 3.082 2.120 1.057 0.441 -0.053 -0.781 -1.359 -1.442
0.0152 0.01508 10.11059 0.9656469822 2.4654293060    0.871  1.644  3.6723  2.375    4  0.000  0.473     0.00     0.00     0.00     0.00     0.00 -1    -1e-30      0.00 6.948e-01 2.901e-01 2.343e-03 1.058e-03 6.609e-03 -1.000 1.507e-02 0.659 3.080 2.120 1.057 0.442 -0.052 -0.780 -1.358 -1.440
0.0152 0.01508 10.11059 0.9657170177 2.4654450417    0.871  1.643  3.6725  2.377    4  0.000  0.473     0.00     0.00     0.00     0.00     0.00 -1    -1e-30      0.00 6.948e-01 2.901e-01 2.343e-03 1.058e-03 6.609e-03 -1.000 1.507e-02 0.662 3.077 2.119 1.059 0.444 -0.049 -0.776 -1.353 -1.436
0.0152 0.01508 10.11059 0.9657850266 2.4654605389    0.871  1.642  3.6727  2.379    4  0.000  0.473     0.00     0.00     0.00     0.00     0.00 -1    -1e-30      0.00 6.948e-01 2.901e-01 2.343e-03 1.058e-03 6.609e-03 -1.000 1.507e-02 0.664 3.074 2.119 1.059 0.445 -0.047 -0.773 -1.350 -1.432
0.0152 0.01508 10.11059 0.9658502936 2.4654753208    0.871  1.642  3.6729  2.380    4  0.000  0.473     0.00     0.00     0.00     0.00     0.00 -1    -1e-30      0.00 6.948e-01 2.901e-01 2.343e-03 1.058e-03 6.609e-03 -1.000 1.507e-02 0.666 3.071 2.118 1.060 0.446 -0.046 -0.772 -1.348 -1.430
0.0152 0.01508 10.11059 0.9659204483 2.4654912949    0.871  1.642  3.6730  2.381    4  0.000  0.473     0.00     0.00     0.00     0.00     0.00 -1    -1e-30      0.00 6.948e-01 2.901e-01 2.343e-03 1.058e-03 6.609e-03 -1.000 1.507e-02 0.666 3.068 2.117 1.059 0.446 -0.046 -0.771 -1.347 -1.429
0.0152 0.01508 10.11059 0.9659867883 2.4655063152    0.871  1.642  3.6731  2.381    4  0.000  0.473     0.00     0.00     0.00     0.00     0.00 -1    -1e-30      0.00 6.948e-01 2.901e-01 2.343e-03 1.058e-03 6.609e-03 -1.000 1.507e-02 0.665 3.066 2.116 1.058 0.445 -0.046 -0.771 -1.347 -1.429
0.0152 0.01508 10.11059 0.9660547972 2.4655218124    0.871  1.643  3.6731  2.380    4  0.000  0.473     0.00     0.00     0.00     0.00     0.00 -1    -1e-30      0.00 6.948e-01 2.901e-01 2.343e-03 1.058e-03 6.609e-03 -1.000 1.507e-02 0.664 3.064 2.114 1.056 0.443 -0.048 -0.773 -1.348 -1.430
0.0152 0.01508 10.11059 0.9661214948 2.4655368328    0.872  1.644  3.6731  2.379    4  0.000  0.473     0.00     0.00     0.00     0.00     0.00 -1    -1e-30      0.00 6.948e-01 2.901e-01 2.343e-03 1.058e-03 6.609e-03 -1.000 1.507e-02 0.661 3.063 2.112 1.054 0.441 -0.051 -0.776 -1.352 -1.434
0.0152 0.01508 10.11059 0.9661262035 2.4655377865    0.872  1.644  3.6731  2.379    4  0.000  0.473     0.00     0.00     0.00     0.00     0.00 -1    -1e-30      0.00 6.948e-01 2.901e-01 2.343e-03 1.058e-03 6.609e-03 -1.000 1.507e-02 0.660 3.063 2.112 1.053 0.440 -0.051 -0.776 -1.352 -1.434
0.0152 0.01508 10.11059 0.9661663175 2.4655470848    0.872  1.645  3.6730  2.377    4  0.000  0.473     0.00     0.00     0.00     0.00     0.00 -1    -1e-30      0.00 6.948e-01 2.901e-01 2.343e-03 1.058e-03 6.609e-03 -1.000 1.507e-02 0.658 3.062 2.110 1.051 0.438 -0.054 -0.779 -1.355 -1.437
0.0152 0.01508 10.11059 0.9662332535 2.4655621052    0.872  1.647  3.6728  2.375    4  0.000  0.473     0.00     0.00     0.00     0.00     0.00 -1    -1e-30      0.00 6.948e-01 2.901e-01 2.343e-03 1.058e-03 6.609e-03 -1.000 1.507e-02 0.653 3.061 2.107 1.047 0.433 -0.059 -0.785 -1.361 -1.443
0.0152 0.01508 10.11059 0.9662998915 2.4655771255    0.872  1.649  3.6726  2.371    4  0.000  0.473     0.00     0.00     0.00     0.00     0.00 -1    -1e-30      0.00 6.948e-01 2.901e-01 2.343e-03 1.058e-03 6.609e-03 -1.000 1.507e-02 0.646 3.060 2.103 1.042 0.427 -0.065 -0.792 -1.369 -1.451
0.0152 0.01508 10.11059 0.9663649797 2.4655919075    0.872  1.653  3.6723  2.367    4  0.000  0.473     0.00     0.00     0.00     0.00     0.00 -1    -1e-30      0.00 6.948e-01 2.901e-01 2.343e-03 1.058e-03 6.609e-03 -1.000 1.507e-02 0.638 3.060 2.098 1.035 0.420 -0.073 -0.801 -1.379 -1.462
0.0152 0.01508 10.11059 0.9664320350 2.4656071663    0.872  1.657  3.6719  2.361    4  0.000  0.473     0.00     0.00     0.00     0.00     0.00 -1    -1e-30      0.00 6.948e-01 2.901e-01 2.343e-03 1.058e-03 6.609e-03 -1.000 1.507e-02 0.628 3.060 2.093 1.028 0.411 -0.083 -0.813 -1.392 -1.474
0.0152 0.01508 10.11059 0.9664989710 2.4656224251    0.872  1.662  3.6714  2.354    4  0.000  0.473     0.00     0.00     0.00     0.00     0.00 -1    -1e-30      0.00 6.948e-01 2.901e-01 2.343e-03 1.058e-03 6.609e-03 -1.000 1.507e-02 0.615 3.060 2.086 1.018 0.399 -0.096 -0.827 -1.408 -1.490
0.0152 0.01508 10.11059 0.9665654898 2.4656374454    0.872  1.668  3.6708  2.346    4  0.000  0.473     0.00     0.00     0.00     0.00     0.00 -1    -1e-30      0.00 6.948e-01 2.901e-01 2.343e-03 1.058e-03 6.609e-03 -1.000 1.507e-02 0.601 3.060 2.078 1.007 0.387 -0.110 -0.843 -1.425 -1.509
0.0152 0.01508 10.11059 0.9666318297 2.4656524658    0.872  1.674  3.6702  2.337    4  0.000  0.473     0.00     0.00     0.00     0.00     0.00 -1    -1e-30      0.00 6.948e-01 2.901e-01 2.343e-03 1.058e-03 6.609e-03 -1.000 1.507e-02 0.584 3.060 2.070 0.995 0.372 -0.126 -0.862 -1.446 -1.529
0.0152 0.01508 10.11059 0.9666977525 2.4656672478    0.872  1.682  3.6694  2.327    4  0.000  0.473     0.00     0.00     0.00     0.00     0.00 -1    -1e-30      0.00 6.948e-01 2.901e-01 2.343e-03 1.058e-03 6.609e-03 -1.000 1.507e-02 0.566 3.061 2.061 0.981 0.356 -0.143 -0.882 -1.468 -1.552
0.0152 0.01508 10.11059 0.9667645097 2.4656825066    0.872  1.683  3.6693  2.325    4  0.000  0.473     0.00     0.00     0.00     0.00     0.00 -1    -1e-30      0.00 6.948e-01 2.901e-01 2.343e-03 1.058e-03 6.609e-03 -1.000 1.507e-02 0.562 3.060 2.058 0.978 0.352 -0.147 -0.887 -1.473 -1.558
0.0152 0.01508 10.11059 0.9668328166 2.4656977654    0.872  1.699  3.6677  2.302    4  0.000  0.473     0.00     0.00     0.00     0.00     0.00 -1    -1e-30      0.00 6.948e-01 2.901e-01 2.343e-03 1.058e-03 6.609e-03 -1.000 1.507e-02 0.522 3.063 2.038 0.948 0.317 -0.186 -0.932 -1.523 -1.608
0.0152 0.01508 10.11059 0.9668990374 2.4657127857    0.872  1.727  3.6650  2.263    4  0.000  0.473     0.00     0.00     0.00     0.00     0.00 -1    -1e-30      0.00 6.948e-01 2.901e-01 2.343e-03 1.058e-03 6.609e-03 -1.000 1.507e-02 0.452 3.064 2.001 0.896 0.255 -0.254 -1.010 -1.609 -1.696
0.0152 0.01508 10.11059 0.9669478536 2.4657239914    0.873  1.765  3.6614  2.212    4  0.000  0.473     0.00     0.00     0.00     0.00     0.00 -1    -1e-30      0.00 6.948e-01 2.901e-01 2.343e-03 1.058e-03 6.609e-03 -1.000 1.507e-02 0.358 3.066 1.953 0.826 0.173 -0.344 -1.114 -1.724 -1.813
0.0152 0.01508 10.11059 0.9669739008 2.4657297134    0.873  1.803  3.6578  2.159    4  0.000  0.473     0.00     0.00     0.00     0.00     0.00 -1    -1e-30      0.00 6.948e-01 2.901e-01 2.343e-03 1.058e-03 6.609e-03 -1.000 1.507e-02 0.263 3.071 1.906 0.756 0.090 -0.436 -1.220 -1.840 -1.932
0.0152 0.01508 10.11059 0.9669881463 2.4657330513    0.873  1.841  3.6541  2.106    4  0.000  0.473     0.00     0.00     0.00     0.00     0.00 -1    -1e-30      0.00 6.948e-01 2.901e-01 2.343e-03 1.058e-03 6.609e-03 -1.000 1.507e-02 0.166 3.077 1.858 0.686 0.006 -0.529 -1.327 -1.959 -2.053
0.0152 0.01508 10.11059 0.9669957757 2.4657347202    0.873  1.881  3.6504  2.052    4  0.000  0.473     0.00     0.00     0.00     0.00     0.00 -1    -1e-30      0.00 6.948e-01 2.901e-01 2.343e-03 1.058e-03 6.609e-03 -1.000 1.507e-02 0.068 3.084 1.809 0.615 -0.079 -0.623 -1.436 -2.079 -2.176
0.0152 0.01508 10.11059 0.9669998288 2.4657356739    0.873  1.920  3.6468  1.998    4  0.000  0.473     0.00     0.00     0.00     0.00     0.00 -1    -1e-30      0.00 6.948e-01 2.901e-01 2.343e-03 1.058e-03 6.609e-03 -1.000 1.507e-02 -0.030 3.093 1.763 0.546 -0.161 -0.715 -1.543 -2.197 -2.297
0.0152 0.01508 10.11059 0.9670022130 2.4657361507    0.873  1.959  3.6433  1.945    4  0.000  0.473     0.00     0.00     0.00     0.00     0.00 -1    -1e-30      0.00 6.948e-01 2.901e-01 2.343e-03 1.058e-03 6.609e-03 -1.000 1.507e-02 -0.126 3.080 1.719 0.475 -0.243 -0.806 -1.648 -2.308 -2.412
0.0152 0.01508 10.11059 0.9670037031 2.4657366276    0.873  1.996  3.6399  1.895    4  0.000  0.473     0.00     0.00     0.00     0.00     0.00 -1    -1e-30      0.00 6.948e-01 2.901e-01 2.343e-03 1.058e-03 6.609e-03 -1.000 1.507e-02 -0.219 3.063 1.675 0.407 -0.322 -0.892 -1.749 -2.415 -2.524
0.0152 0.01508 10.11059 0.9670045972 2.4657366276    0.873  2.024  3.6373  1.856    7  0.000  0.473     0.00     0.00     0.00     0.00     0.00 -1    -1e-30      0.00 6.948e-01 2.901e-01 2.343e-03 1.058e-03 6.609e-03 -1.000 1.507e-02 -0.291 3.049 1.642 0.355 -0.380 -0.958 -1.825 -2.496 -2.609
0.0152 0.01508 10.11059 0.9670047760 2.4657368660    0.873  2.031  3.6367  1.846    7  0.000  0.473     0.00     0.00     0.00     0.00     0.00 -1    -1e-30      0.00 6.948e-01 2.901e-01 2.343e-03 1.058e-03 6.609e-03 -1.000 1.507e-02 -0.309 3.046 1.633 0.343 -0.394 -0.974 -1.844 -2.516 -2.630
0.0152 0.01508 10.11059 0.9670058489 2.4657371044    0.873  2.072  3.6331  1.791    7  0.000  0.473     0.00     0.00     0.00     0.00     0.00 -1    -1e-30      0.00 6.948e-01 2.901e-01 2.343e-03 1.058e-03 6.609e-03 -1.000 1.507e-02 -0.410 3.023 1.584 0.269 -0.478 -1.067 -1.952 -2.631 -2.750
0.0152 0.01508 10.11059 0.9670069218 2.4657373428    0.873  2.113  3.6295  1.736    7  0.000  0.473     0.00     0.00     0.00     0.00     0.00 -1    -1e-30      0.00 6.948e-01 2.901e-01 2.343e-03 1.058e-03 6.609e-03 -1.000 1.507e-02 -0.513 2.997 1.533 0.194 -0.562 -1.161 -2.062 -2.747 -2.873
0.0152 0.01508 10.11059 0.9670084715 2.4657375813    0.873  2.157  3.6256  1.676    7  0.000  0.473     0.00     0.00     0.00     0.00     0.00 -1    -1e-30      0.00 6.948e-01 2.901e-01 2.343e-03 1.058e-03 6.609e-03 -1.000 1.507e-02 -0.623 2.963 1.479 0.115 -0.650 -1.261 -2.179 -2.871 -3.004
0.0152 0.01508 10.11059 0.9670112729 2.4657382965    0.873  2.149  3.6264  1.688    7  0.000  0.473     0.00     0.00     0.00     0.00     0.00 -1    -1e-30      0.00 6.948e-01 2.901e-01 2.343e-03 1.058e-03 6.609e-03 -1.000 1.507e-02 -0.602 2.968 1.488 0.130 -0.633 -1.242 -2.156 -2.847 -2.978
0.0152 0.01508 10.11059 0.9670162797 2.4657392502    0.873  2.101  3.6307  1.753    7  0.000  0.473     0.00     0.00     0.00     0.00     0.00 -1    -1e-30      0.00 6.948e-01 2.901e-01 2.343e-03 1.058e-03 6.609e-03 -1.000 1.507e-02 -0.482 3.002 1.547 0.215 -0.538 -1.133 -2.029 -2.712 -2.836
0.0152 0.01508 10.11059 0.9670586586 2.4657490253    0.872  2.089  3.6316  1.768    7  0.000  0.473     0.00     0.00     0.00     0.00     0.00 -1 -2.24e-14      0.00 6.948e-01 2.891e-01 2.343e-03 1.058e-03 6.609e-03 -1.000 1.613e-02 -0.452 3.012 1.563 0.238 -0.513 -1.106 -1.997 -2.678 -2.801
0.0152 0.01508 10.11059 0.9670957327 2.4657573700    0.870  2.128  3.6281  1.714    7  0.000  0.473     0.00     0.00     0.00     0.00     0.00 -1 -1.03e-09      0.00 6.948e-01 2.888e-01 2.343e-03 1.058e-03 6.609e-03 -1.000 1.643e-02 -0.549 2.988 1.517 0.169 -0.590 -1.194 -2.101 -2.788 -2.916
0.0152 0.01508 10.11059 0.9671248794 2.4657638073    0.869  2.169  3.6244  1.657    7  0.000  0.473     0.00     0.00     0.00     0.00     0.00 -1 -1.29e-09      0.00 6.948e-01 2.888e-01 2.343e-03 1.058e-03 6.609e-03 -1.000 1.643e-02 -0.653 2.957 1.466 0.095 -0.672 -1.288 -2.211 -2.905 -3.040
0.0152 0.01508 10.11059 0.9671494365 2.4657695293    0.867  2.210  3.6207  1.601    7  0.000  0.473     0.00     0.00     0.00     0.00     0.00 -1 -1.59e-09      0.00 6.948e-01 2.888e-01 2.343e-03 1.058e-03 6.609e-03 -1.000 1.643e-02 -0.756 2.925 1.414 0.022 -0.754 -1.380 -2.320 -3.021 -3.163
0.0152 0.01508 10.11059 0.9671706557 2.4657742977    0.866  2.252  3.6171  1.544    7  0.000  0.473     0.00     0.00     0.00     0.00     0.00 -1 -1.98e-09      0.00 6.948e-01 2.888e-01 2.343e-03 1.058e-03 6.609e-03 -1.000 1.643e-02 -0.859 2.889 1.363 -0.049 -0.833 -1.472 -2.429 -3.136 -3.285
0.0152 0.01508 10.11059 0.9671888947 2.4657783508    0.864  2.293  3.6134  1.487    7  0.000  0.473     0.00     0.00     0.00     0.00     0.00 -1 -2.45e-09      0.00 6.948e-01 2.888e-01 2.343e-03 1.058e-03 6.609e-03 -1.000 1.643e-02 -0.962 2.865 1.314 -0.118 -0.912 -1.563 -2.538 -3.253 -3.409
0.0152 0.01508 10.11059 0.9672048092 2.4657819271    0.862  2.334  3.6097  1.431    7  0.000  0.473     0.00     0.00     0.00     0.00     0.00 -1 -3.02e-09      0.00 6.948e-01 2.888e-01 2.343e-03 1.058e-03 6.609e-03 -1.000 1.643e-02 -1.064 2.880 1.273 -0.180 -0.990 -1.657 -2.649 -3.374 -3.536
0.0152 0.01508 10.11059 0.9672188163 2.4657852650    0.860  2.375  3.6061  1.374    7  0.000  0.473     0.00     0.00     0.00     0.00     0.00 -1 -3.73e-09      0.00 6.948e-01 2.888e-01 2.343e-03 1.058e-03 6.609e-03 -1.000 1.643e-02 -1.167 2.891 1.234 -0.239 -1.064 -1.750 -2.760 -3.495 -3.662
0.0152 0.01508 10.11059 0.9672312140 2.4657878876    0.858  2.416  3.6024  1.317    7  0.000  0.473     0.00     0.00     0.00     0.00     0.00 -1 -4.59e-09      0.00 6.948e-01 2.888e-01 2.343e-03 1.058e-03 6.609e-03 -1.000 1.643e-02 -1.269 2.905 1.197 -0.296 -1.137 -1.842 -2.870 -3.616 -3.788
0.0152 0.01508 10.11059 0.9672423005 2.4657905102    0.855  2.456  3.5988  1.261    7  0.000  0.473     0.00     0.00     0.00     0.00     0.00 -1 -5.63e-09      0.00 6.948e-01 2.888e-01 2.343e-03 1.058e-03 6.609e-03 -1.000 1.643e-02 -1.370 2.918 1.162 -0.350 -1.207 -1.933 -2.979 -3.735 -3.912
0.0152 0.01508 10.11059 0.9672525525 2.4657928944    0.852  2.496  3.5950  1.205    7  0.000  0.473     0.00     0.00     0.00     0.00     0.00 -1  -6.9e-09      0.00 6.948e-01 2.888e-01 2.343e-03 1.059e-03 6.609e-03 -1.000 1.643e-02 -1.470 2.928 1.131 -0.398 -1.272 -2.022 -3.088 -3.854 -4.037
0.0152 0.01508 10.11059 0.9672621489 2.4657950401    0.849  2.536  3.5913  1.148    7  0.000  0.473    14.38    10.25     7.08     5.51     4.47  3 -8.46e-09      0.00 6.948e-01 2.888e-01 2.341e-03 1.059e-03 6.609e-03 -1.000 1.641e-02 -1.570 2.941 1.101 -0.445 -1.335 -2.111 -3.196 -3.973 -4.162
0.0152 0.01508 10.11059 0.9672712684 2.4657969475    0.845  2.576  3.5875  1.091    7  0.000  0.472    16.19    11.34     7.81     6.09     4.93  3 -1.04e-08      0.00 6.948e-01 2.888e-01 2.339e-03 1.061e-03 6.609e-03 -1.000 1.638e-02 -1.670 2.950 1.076 -0.486 -1.393 -2.199 -3.305 -4.092 -4.286
0.0152 0.01508 10.11059 0.9672779441 2.4657986164    0.842  2.606  3.5808  1.033    7  0.000  0.471    18.30    12.60     8.63     6.74     5.46  3 -1.21e-08      0.00 6.948e-01 2.888e-01 2.336e-03 1.063e-03 6.609e-03 -1.000 1.637e-02 -1.745 3.035 1.127 -0.451 -1.390 -2.253 -3.395 -4.201 -4.405
0.0152 0.01508 10.11059 0.9672862887 2.4658002853    0.837  2.646  3.5743  0.964    7  0.000  0.470    21.11    14.24     9.70     7.59     6.15  3 -1.49e-08      0.00 6.948e-01 2.888e-01 2.329e-03 1.070e-03 6.609e-03 -1.000 1.637e-02 -1.845 3.092 1.170 -0.415 -1.390 -2.327 -3.512 -4.335 -4.548
0.0152 0.01508 10.11059 0.9672939181 2.4658021927    0.831  2.686  3.5700  0.904    7  0.000  0.468    23.92    15.84    10.74     8.42     6.83  2 -1.82e-08      0.00 6.948e-01 2.888e-01 2.320e-03 1.080e-03 6.609e-03 -1.000 1.637e-02 -1.945 3.107 1.169 -0.424 -1.424 -2.411 -3.624 -4.456 -4.676
0.0152 0.01508 10.11059 0.9673010707 2.4658036232    0.825  2.727  3.5655  0.841    7  0.000  0.466    27.26    17.71    11.94     9.38     7.61  2 -2.24e-08      0.00 6.948e-01 2.888e-01 2.311e-03 1.091e-03 6.609e-03 -1.000 1.637e-02 -2.048 3.118 1.186 -0.405 -1.438 -2.491 -3.740 -4.582 -4.809
0.0152 0.01508 10.11059 0.9673068523 2.4658050537    0.818  2.769  3.5607  0.776    7  0.000  0.465    31.20    19.87    13.33    10.49     8.51  2 -2.78e-08      0.00 6.948e-01 2.888e-01 2.303e-03 1.101e-03 6.609e-03 -1.000 1.637e-02 -2.154 3.130 1.207 -0.383 -1.451 -2.572 -3.861 -4.712 -4.947
0.0152 0.01508 10.11059 0.9673107266 2.4658060074    0.813  2.809  3.5561  0.716    7  0.000  0.463    35.42    22.14    14.77    11.65     9.46  2 -3.39e-08      0.00 6.948e-01 2.888e-01 2.296e-03 1.109e-03 6.609e-03 -1.000 1.637e-02 -2.253 3.140 1.246 -0.334 -1.444 -2.641 -3.973 -4.834 -5.076
0.0152 0.01508 10.11059 0.9673137069 2.4658064842    0.808  2.847  3.5515  0.656    7  0.000  0.462    40.09    24.61    16.34    12.90    10.48  2 -4.11e-08      0.00 6.948e-01 2.888e-01 2.289e-03 1.117e-03 6.609e-03 -1.000 1.636e-02 -2.349 3.151 1.292 -0.278 -1.431 -2.706 -4.083 -4.952 -5.202
0.0152 0.01508 10.11059 0.9673162699 2.4658071995    0.803  2.886  3.5468  0.596    7  0.000  0.461    45.49    27.40    18.10    14.32    11.63  2 -4.94e-08      0.00 6.948e-01 2.888e-01 2.284e-03 1.124e-03 6.609e-03 -1.000 1.635e-02 -2.445 3.162 1.355 -0.197 -1.403 -2.760 -4.195 -5.072 -5.330
0.0152 0.01508 10.11059 0.9673186541 2.4658076763    0.797  2.925  3.5420  0.535    7  0.000  0.460    51.64    30.52    20.06    15.90    12.92  1 -5.96e-08      0.00 6.948e-01 2.889e-01 2.279e-03 1.129e-03 6.609e-03 -1.000 1.633e-02 -2.541 3.173 1.430 -0.101 -1.365 -2.809 -4.306 -5.192 -5.458
0.0152 0.01508 10.11059 0.9673209190 2.4658081532    0.791  2.963  3.5370  0.473    7  0.000  0.459    58.78    34.06    22.28    17.69    14.37  1 -7.22e-08      0.00 6.948e-01 2.889e-01 2.276e-03 1.133e-03 6.609e-03 -1.000 1.634e-02 -2.637 3.189 1.533 0.029 -1.307 -2.842 -4.418 -5.311 -5.586
0.0152 0.01508 10.11059 0.9673228860 2.4658086300    0.784  2.996  3.5325  0.419    7  0.000  0.459    65.92    37.53    24.43    19.44    15.80  1 -8.49e-08      0.00 6.948e-01 2.889e-01 2.274e-03 1.136e-03 6.609e-03 -1.000 1.636e-02 -2.719 3.205 1.642 0.164 -1.244 -2.862 -4.516 -5.415 -5.698
0.0152 0.01508 10.11059 0.9673250914 2.4658091068    0.775  3.034  3.5271  0.353    7  0.000  0.459    75.52    42.09    27.26    21.73    17.66  1 -1.04e-07      0.00 6.948e-01 2.889e-01 2.273e-03 1.137e-03 6.609e-03 -1.000 1.639e-02 -2.815 3.224 1.790 0.349 -1.155 -2.865 -4.631 -5.536 -5.830
0.0152 0.01508 10.11059 0.9673273563 2.4658095837    0.762  3.073  3.5215  0.286    7  0.000  0.459    86.97    47.38    30.51    24.38    19.82  1 -1.28e-07      0.00 6.948e-01 2.889e-01 2.273e-03 1.137e-03 6.609e-03 -1.000 1.639e-02 -2.912 3.249 1.971 0.570 -1.046 -2.846 -4.746 -5.657 -5.963
0.0152 0.01508 10.11059 0.9673296809 2.4658102989    0.748  3.108  3.5162  0.220    7  0.000  0.459    99.66    53.08    33.99    27.22    22.14  1 -1.57e-07      0.00 6.948e-01 2.889e-01 2.273e-03 1.137e-03 6.609e-03 -1.000 1.639e-02 -3.001 3.278 2.179 0.833 -0.908 -2.790 -4.852 -5.769 -6.086
0.0152 0.01508 10.11059 0.9673320651 2.4658107758    0.728  3.143  3.5108  0.152    7  0.000  0.459   114.64    59.58    37.93    30.46    24.77  1 -1.97e-07      0.00 6.948e-01 2.889e-01 2.273e-03 1.137e-03 6.609e-03 -1.000 1.639e-02 -3.087 3.313 2.405 1.118 -0.755 -2.717 -4.956 -5.878 -6.208
0.0152 0.01508 10.11059 0.9673347473 2.4658112526    0.701  3.172  3.5061  0.088    7  0.000  0.459   128.44    66.28    41.96    33.80    27.48  1 -2.48e-07      0.00 6.948e-01 2.889e-01 2.273e-03 1.137e-03 6.609e-03 -1.000 1.639e-02 -3.161 3.345 2.576 1.330 -0.641 -2.657 -5.044 -5.970 -6.309
0.0152 0.01508 10.11059 0.9673354626 2.4658114910    0.692  3.163  3.5075  0.098    7  0.000  0.459   126.00    64.95    41.14    33.15    26.95  1 -2.49e-07      0.00 6.948e-01 2.889e-01 2.273e-03 1.137e-03 6.609e-03 -1.000 1.639e-02 -3.137 3.349 2.537 1.278 -0.668 -2.670 -5.016 -5.941 -6.278
0.0152 0.01508 10.11059 0.9673355222 2.4658114910    0.692  3.156  3.5084  0.107    7  0.000  0.459   124.09    63.81    40.45    32.58    26.49  1 -2.43e-07      0.00 6.948e-01 2.889e-01 2.273e-03 1.137e-03 6.609e-03 -1.000 1.639e-02 -3.121 3.348 2.508 1.240 -0.688 -2.680 -4.997 -5.921 -6.256
0.0152 0.01508 10.11059 0.9673356414 2.4658114910    0.690  3.150  3.5094  0.117    7  0.000  0.459   122.13    62.67    39.76    32.02    26.02  1 -2.38e-07      0.00 6.948e-01 2.889e-01 2.273e-03 1.137e-03 6.609e-03 -1.000 1.639e-02 -3.104 3.347 2.478 1.201 -0.708 -2.690 -4.977 -5.900 -6.234
0.0152 0.01508 10.11059 0.9673357010 2.4658114910    0.689  3.155  3.5086  0.108    7  0.000  0.459   123.83    63.70    40.38    32.53    26.44  1 -2.44e-07      0.00 6.948e-01 2.889e-01 2.273e-03 1.137e-03 6.609e-03 -1.000 1.639e-02 -3.118 3.349 2.503 1.233 -0.692 -2.682 -4.993 -5.917 -6.252
0.0152 0.01508 10.11059 0.9673358202 2.4658114910    0.688  3.165  3.5072  0.092    7  0.000  0.459   126.82    65.51    41.48    33.43    27.17  1 -2.55e-07      0.00 6.948e-01 2.889e-01 2.273e-03 1.137e-03 6.609e-03 -1.000 1.639e-02 -3.142 3.352 2.547 1.290 -0.662 -2.667 -5.022 -5.947 -6.284
0.0152 0.01508 10.11059 0.9673358798 2.4658114910    0.687  3.180  3.5050  0.067    7  0.000  0.459   131.68    68.47    43.26    34.89    28.37  1 -2.72e-07      0.00 6.948e-01 2.889e-01 2.273e-03 1.137e-03 6.609e-03 -1.000 1.639e-02 -3.179 3.358 2.623 1.386 -0.611 -2.640 -5.066 -5.993 -6.335
0.0152 0.01508 10.11059 0.9673360586 2.4658117294    0.685  3.200  3.5020  0.034    7  0.000  0.459   138.55    72.69    45.80    36.98    30.07  1 -2.98e-07      0.00 6.948e-01 2.889e-01 2.273e-03 1.137e-03 6.609e-03 -1.000 1.639e-02 -3.230 3.369 2.732 1.526 -0.536 -2.597 -5.125 -6.056 -6.404
0.0152 0.01508 10.11059 0.9673362374 2.4658117294    0.682  3.224  3.4983 -0.007    7  0.000  0.459   147.32    78.13    49.07    39.66    32.25  1 -3.33e-07      0.00 6.948e-01 2.889e-01 2.273e-03 1.137e-03 6.609e-03 -1.000 1.639e-02 -3.290 3.382 2.862 1.685 -0.448 -2.543 -5.196 -6.132 -6.487
0.0152 0.01508 10.11059 0.9673364758 2.4658117294    0.679  3.266  3.4919 -0.077    7  0.000  0.459   163.91    88.56    55.29    44.78    36.43  0 -4.02e-07      0.01 6.948e-01 2.889e-01 2.273e-03 1.137e-03 6.609e-03 -1.000 1.639e-02 -3.395 3.404 3.068 1.929 -0.313 -2.453 -5.320 -6.263 -6.631
0.0152 0.01508 10.11059 0.9673367739 2.4658117294    0.673  3.309  3.4853 -0.150    7  0.000  0.459   183.13   100.90    62.62    50.83    41.36  0 -4.89e-07      0.01 6.948e-01 2.889e-01 2.273e-03 1.137e-03 6.609e-03 -1.000 1.639e-02 -3.503 3.423 3.222 2.068 -0.234 -2.398 -5.447 -6.396 -6.776
0.0152 0.01508 10.11059 0.9673371911 2.4658119678    0.662  3.350  3.4794 -0.222    7  0.000  0.459   184.25    -1.00    -1.00    -1.00    -1.00  0 -6.01e-07      0.01 6.948e-01 2.889e-01 2.273e-03 1.137e-03 6.609e-03 -1.000 1.639e-02 -3.605 3.449 3.344 2.151 -0.186 -2.364 -5.564 -6.519 -6.911
0.0152 0.01508 10.11059 0.9673376083 2.4658119678    0.648  3.377  3.4761 -0.271    7  0.000  0.459   177.05    -1.00    -1.00    -1.00    -1.00  0 -7.15e-07      0.02 6.948e-01 2.889e-01 2.273e-03 1.137e-03 6.609e-03 -1.000 1.639e-02 -3.672 3.469 3.400 2.181 -0.176 -2.366 -5.638 -6.595 -6.994
0.0152 0.01508 10.11059 0.9903907776 2.4708817005    0.523 -9.999  4.0424  7.880    9  0.523  0.000     0.00     0.00     0.00     0.00     0.00 -1    -1e-30      0.00 6.948e-01 2.901e-01 2.388e-03 1.136e-03 6.624e-03 -1.000 1.510e-02 29.767 30.642 31.521 31.753 31.843 31.936 32.211 32.270 32.360
#isochrone terminated
