# File generated by CMD 3.6 (http://stev.oapd.inaf.it/cmd) on Sun Dec 12 14:08:00 CET 2021
# isochrones based on PARSEC release v1.2S +  COLIBRI S_37 + S_35 + PR16
# Basic references: Bressan et al. (2012), MNRAS, 427, 127 + Chen et al. (2014, 2015), MNRAS, 444, 2525 + MNRAS, 452, 1068 + Tang et al. (2014), MNRAS, 445, 4287 + Marigo et al. (2017), ApJ, 835, 77 + Pastorelli al. (2019), MNRAS, 485, 5666 + Pastorelli al. (2020), MNRAS, in press
# Thermal pulse cycles included 
# On RGB, assumed Reimers mass loss with efficiency eta=0.2
# LPV periods and growth rates added cf. Trabucchi et al. (2019)
# but fundamental-mode LPV periods are from Trabucchi et al. (2021)
# Photometric system: <i>UBVRIJHK</i> (cf. Maiz-Apellaniz 2006 + Bessell 1990)
# Using YBC version of bolometric corrections as in Chen et al. (2019)
# O-rich circumstellar dpmod60alox40 dust from Groenewegen (2006)
# C-rich circumstellar AMCSIC15 dust from Groenewegen (2006)
# IMF: Kroupa (2001, 2002) + Kroupa et al. (2013) canonical two-part-power law IMF corrected for unresolved binaries 
# Kind of output: isochrone tables
Zini     MH   logAge Mini        int_IMF         Mass   logL    logTe  logg  label   McoreTP C_O  period0  period1  period2  period3  period4  pmode  Mloss  tau1m   X   Y   Xc  Xn  Xo  Cexcess  Z 	 mbolmag  Umag    Bmag    Vmag    Rmag    Imag    Jmag    Hmag    Kmag
0.000152 -2.00981 9.67117 0.0939592868 1.1185684204    0.094 -3.045  3.5142  5.464    1  0.000  0.545     0.00     0.00     0.00     0.00     0.00 -1 -6.86e-17      0.00 7.495e-01 2.503e-01 2.884e-05 7.781e-06 7.057e-05 -1.000 1.603e-04 12.383 18.214 16.024 14.127 12.803 11.600 10.485 10.201 10.125
0.000152 -2.00981 9.67117 0.0953957289 1.1314520836    0.095 -3.001  3.5204  5.451    1  0.000  0.545     0.00     0.00     0.00     0.00     0.00 -1 -7.66e-17      0.00 7.494e-01 2.504e-01 2.884e-05 7.781e-06 7.057e-05 -1.000 1.604e-04 12.272 17.856 15.790 13.928 12.648 11.497 10.395 10.083 9.994
0.000152 -2.00981 9.67117 0.1032693684 1.1978503466    0.103 -2.768  3.5526  5.381    1  0.000  0.545     0.00     0.00     0.00     0.00     0.00 -1 -1.36e-16      0.00 7.486e-01 2.512e-01 2.884e-05 7.781e-06 7.057e-05 -1.000 1.604e-04 11.691 16.094 14.576 12.963 11.858 10.947 9.929 9.498 9.371
0.000152 -2.00981 9.67117 0.1038885862 1.2027918100    0.104 -2.751  3.5551  5.376    1  0.000  0.545     0.00     0.00     0.00     0.00     0.00 -1 -1.42e-16      0.00 7.485e-01 2.513e-01 2.884e-05 7.781e-06 7.057e-05 -1.000 1.604e-04 11.647 15.970 14.488 12.894 11.800 10.905 9.893 9.456 9.327
0.000152 -2.00981 9.67117 0.1171588972 1.3002974987    0.117 -2.563  3.5740  5.317    1  0.000  0.545     0.00     0.00     0.00     0.00     0.00 -1 -2.21e-16      0.00 7.477e-01 2.521e-01 2.884e-05 7.781e-06 7.057e-05 -1.000 1.604e-04 11.178 14.903 13.680 12.242 11.239 10.448 9.491 9.004 8.860
0.000152 -2.00981 9.67117 0.1237471774 1.3435219526    0.123 -2.478  3.5826  5.290    1  0.000  0.545     0.00     0.00     0.00     0.00     0.00 -1  -2.7e-16      0.00 7.473e-01 2.526e-01 2.884e-05 7.781e-06 7.057e-05 -1.000 1.605e-04 10.965 14.446 13.326 11.954 10.993 10.237 9.307 8.803 8.652
0.000152 -2.00981 9.67117 0.1436057836 1.4575822353    0.143 -2.307  3.5960  5.238    1  0.000  0.545     0.00     0.00     0.00     0.00     0.00 -1 -3.94e-16      0.00 7.464e-01 2.535e-01 2.884e-05 7.781e-06 7.057e-05 -1.000 1.604e-04 10.538 13.667 12.696 11.419 10.525 9.813 8.923 8.400 8.238
0.000152 -2.00981 9.67117 0.1490972489 1.4855467081    0.149 -2.269  3.5985  5.226    1  0.000  0.545     0.00     0.00     0.00     0.00     0.00 -1 -4.27e-16      0.00 7.461e-01 2.537e-01 2.884e-05 7.781e-06 7.057e-05 -1.000 1.604e-04 10.444 13.509 12.565 11.305 10.423 9.719 8.837 8.310 8.147
0.000152 -2.00981 9.67117 0.1634643823 1.5527840853    0.163 -2.177  3.6047  5.198    1  0.000  0.545     0.00     0.00     0.00     0.00     0.00 -1 -5.22e-16      0.00 7.456e-01 2.542e-01 2.884e-05 7.781e-06 7.058e-05 -1.000 1.604e-04 10.212 13.131 12.248 11.026 10.174 9.487 8.624 8.093 7.926
0.000152 -2.00981 9.67117 0.2031815797 1.7045624256    0.203 -1.969  3.6167  5.133    1  0.000  0.545     0.00     0.00     0.00     0.00     0.00 -1 -8.13e-16      0.00 7.447e-01 2.551e-01 2.884e-05 7.781e-06 7.058e-05 -1.000 1.604e-04 9.693 12.344 11.573 10.421 9.622 8.968 8.140 7.605 7.434
0.000152 -2.00981 9.67117 0.2528280616 1.8474519253    0.253 -1.769  3.6273  5.070    1  0.000  0.545     0.00     0.00     0.00     0.00     0.00 -1 -1.24e-15      0.00 7.445e-01 2.554e-01 2.884e-05 7.782e-06 7.058e-05 -1.000 1.604e-04 9.192 11.619 10.942 9.847 9.094 8.467 7.670 7.137 6.968
0.000152 -2.00981 9.67117 0.3024745882 1.9578433037    0.302 -1.610  3.6360  5.025    1  0.000  0.545     0.00     0.00     0.00     0.00     0.00 -1 -1.72e-15      0.00 7.445e-01 2.554e-01 2.884e-05 7.782e-06 7.058e-05 -1.000 1.603e-04 8.796 11.051 10.447 9.395 8.677 8.070 7.299 6.771 6.607
0.000152 -2.00981 9.67117 0.3521210551 2.0468802452    0.352 -1.480  3.6439  4.993    1  0.000  0.545     0.00     0.00     0.00     0.00     0.00 -1 -2.24e-15      0.00 7.448e-01 2.550e-01 2.883e-05 7.783e-06 7.058e-05 -1.000 1.604e-04 8.471 10.577 10.038 9.021 8.333 7.745 6.997 6.475 6.317
0.000152 -2.00981 9.67117 0.3636133373 2.0651817322    0.363 -1.452  3.6459  4.986    1  0.000  0.545     0.00     0.00     0.00     0.00     0.00 -1 -2.37e-15      0.00 7.463e-01 2.536e-01 2.883e-05 7.783e-06 7.058e-05 -1.000 1.604e-04 8.400 10.468 9.946 8.938 8.257 7.674 6.932 6.412 6.256
0.000152 -2.00981 9.67117 0.4017675519 2.1209309101    0.402 -1.364  3.6523  4.967    1  0.000  0.545     0.00     0.00     0.00     0.00     0.00 -1 -2.82e-15      0.00 7.505e-01 2.493e-01 2.884e-05 7.781e-06 7.057e-05 -1.000 1.603e-04 8.179 10.133 9.661 8.681 8.022 7.453 6.729 6.217 6.066
0.000152 -2.00981 9.67117 0.4514140487 2.1839492321    0.451 -1.221  3.6654  4.927    1  0.000  0.545     0.00     0.00     0.00     0.00     0.00 -1 -3.87e-15      0.00 7.507e-01 2.491e-01 2.884e-05 7.781e-06 7.057e-05 -1.000 1.604e-04 7.822 9.541 9.178 8.254 7.639 7.099 6.412 5.917 5.779
0.000152 -2.00981 9.67117 0.5010605454 2.2385449409    0.501 -1.063  3.6813  4.878    1  0.000  0.545     0.00     0.00     0.00     0.00     0.00 -1 -5.58e-15      0.00 7.510e-01 2.488e-01 2.882e-05 7.776e-06 7.053e-05 -1.000 1.603e-04 7.429 8.877 8.645 7.787 7.220 6.713 6.071 5.599 5.475
0.000152 -2.00981 9.67117 0.5507071018 2.2842428684    0.550 -0.891  3.6986  4.816    1  0.000  0.545     0.00     0.00     0.00     0.00     0.00 -1 -8.49e-15      0.00 7.641e-01 2.357e-01 2.738e-05 7.390e-06 6.704e-05 -1.000 1.605e-04 6.999 8.178 8.078 7.290 6.771 6.298 5.703 5.260 5.151
0.000152 -2.00981 9.67117 0.6003534794 2.3213608265    0.600 -0.716  3.7200  4.764    1  0.000  0.545     0.00     0.00     0.00     0.00     0.00 -1 -1.29e-14      0.00 7.691e-01 2.308e-01 2.687e-05 7.251e-06 6.579e-05 -1.000 1.450e-04 6.560 7.456 7.493 6.791 6.322 5.887 5.349 4.941 4.848
0.000152 -2.00981 9.67117 0.6065702438 2.3255190849    0.606 -0.694  3.7230  4.758    1  0.000  0.544     0.00     0.00     0.00     0.00     0.00 -1 -1.36e-14      0.00 7.699e-01 2.300e-01 2.679e-05 7.230e-06 6.559e-05 -1.000 1.487e-04 6.504 7.365 7.419 6.728 6.266 5.836 5.306 4.902 4.812
0.000152 -2.00981 9.67117 0.6385242343 2.3454313278    0.638 -0.581  3.7383  4.729    1  0.000  0.544     0.00     0.00     0.00     0.00     0.00 -1 -1.78e-14      0.00 7.743e-01 2.256e-01 2.634e-05 7.110e-06 6.451e-05 -1.000 1.470e-04 6.221 6.917 7.047 6.415 5.985 5.581 5.088 4.709 4.630
0.000152 -2.00981 9.67117 0.6499999762 2.3520355225    0.650 -0.541  3.7437  4.718    1  0.000  0.544     0.00     0.00     0.00     0.00     0.00 -1 -1.96e-14      0.00 7.760e-01 2.238e-01 2.616e-05 7.062e-06 6.409e-05 -1.000 1.335e-04 6.122 6.766 6.919 6.306 5.888 5.493 5.013 4.641 4.567
0.000152 -2.00981 9.67117 0.6517725587 2.3530316353    0.652 -0.534  3.7446  4.717    1  0.000  0.544     0.00     0.00     0.00     0.00     0.00 -1 -1.99e-14      0.00 7.763e-01 2.235e-01 2.613e-05 7.054e-06 6.401e-05 -1.000 1.348e-04 6.106 6.742 6.899 6.290 5.873 5.480 5.001 4.630 4.557
0.000152 -2.00981 9.67117 0.6842930913 2.3702614307    0.684 -0.421  3.7601  4.687    1  0.000  0.544     0.00     0.00     0.00     0.00     0.00 -1 -2.61e-14      0.00 7.826e-01 2.173e-01 2.549e-05 6.883e-06 6.248e-05 -1.000 1.000e-04 5.824 6.326 6.542 5.988 5.603 5.238 4.793 4.441 4.382
0.000152 -2.00981 9.67117 0.6999999881 2.3779268265    0.700 -0.368  3.7673  4.672    1  0.000  0.544     0.00     0.00     0.00     0.00     0.00 -1 -2.97e-14      0.00 7.861e-01 2.138e-01 2.514e-05 6.790e-06 6.164e-05 -1.000 1.000e-04 5.689 6.142 6.377 5.849 5.478 5.124 4.694 4.351 4.298
0.000152 -2.00981 9.67117 0.7014315128 2.3786058426    0.701 -0.363  3.7679  4.671    1  0.000  0.544     0.00     0.00     0.00     0.00     0.00 -1    -3e-14      0.00 7.865e-01 2.134e-01 2.508e-05 6.778e-06 6.154e-05 -1.000 1.017e-04 5.677 6.125 6.362 5.836 5.467 5.114 4.685 4.343 4.291
0.000152 -2.00981 9.67117 0.7230320573 2.3884775639    0.723 -0.290  3.7774  4.649    1  0.000  0.540     0.00     0.00     0.00     0.00     0.00 -1 -3.59e-14      0.00 7.933e-01 2.065e-01 2.426e-05 6.591e-06 5.990e-05 -1.000 1.436e-04 5.495 5.885 6.144 5.648 5.296 4.958 4.549 4.218 4.173
0.000152 -2.00981 9.67117 0.7430906296 2.3970561028    0.743 -0.223  3.7858  4.627    1  0.000  0.537     0.00     0.00     0.00     0.00     0.00 -1 -4.24e-14      0.00 8.006e-01 1.993e-01 2.340e-05 6.393e-06 5.815e-05 -1.000 1.118e-04 5.327 5.673 5.944 5.476 5.141 4.816 4.424 4.104 4.067
0.000152 -2.00981 9.67117 0.7500000000 2.3998889923    0.750 -0.200  3.7886  4.619    1  0.000  0.535     0.00     0.00     0.00     0.00     0.00 -1 -4.48e-14      0.00 8.033e-01 1.966e-01 2.309e-05 6.319e-06 5.750e-05 -1.000 9.997e-05 5.269 5.601 5.876 5.417 5.087 4.767 4.381 4.066 4.030
0.000152 -2.00981 9.67117 0.7674056292 2.4067664146    0.767 -0.142  3.7953  4.598    1  0.000  0.535     0.00     0.00     0.00     0.00     0.00 -1 -5.19e-14      0.00 8.067e-01 1.932e-01 2.288e-05 6.264e-06 5.704e-05 -1.000 1.070e-04 5.124 5.429 5.708 5.270 4.952 4.643 4.271 3.965 3.935
0.000152 -2.00981 9.67117 0.7853689194 2.4134979248    0.785 -0.082  3.8020  4.575    1  0.000  0.534     0.00     0.00     0.00     0.00     0.00 -1 -6.05e-14      0.00 8.094e-01 1.905e-01 2.275e-05 6.234e-06 5.679e-05 -1.000 1.077e-04 4.975 5.255 5.535 5.117 4.812 4.514 4.156 3.861 3.835
0.000152 -2.00981 9.67117 0.8000000119 2.4187245369    0.800 -0.033  3.8074  4.556    1  0.000  0.533     0.00     0.00     0.00     0.00     0.00 -1 -6.85e-14      0.00 8.111e-01 1.888e-01 2.272e-05 6.230e-06 5.678e-05 -1.000 1.000e-04 4.852 5.118 5.394 4.992 4.697 4.409 4.062 3.777 3.754
0.000152 -2.00981 9.67117 0.8035251498 2.4199512005    0.803 -0.021  3.8088  4.551    1  0.000  0.533     0.00     0.00     0.00     0.00     0.00 -1 -7.06e-14      0.00 8.112e-01 1.887e-01 2.273e-05 6.233e-06 5.681e-05 -1.000 1.023e-04 4.823 5.085 5.360 4.962 4.670 4.383 4.040 3.757 3.735
0.000152 -2.00981 9.67117 0.8204526305 2.4256727695    0.820  0.035  3.8151  4.529    1  0.000  0.533     0.00     0.00     0.00     0.00     0.00 -1 -8.16e-14      0.00 8.112e-01 1.887e-01 2.278e-05 6.250e-06 5.697e-05 -1.000 1.251e-04 4.682 4.930 5.198 4.817 4.536 4.260 3.931 3.660 3.641
0.000152 -2.00981 9.67117 0.8366386294 2.4308953285    0.836  0.089  3.8211  4.507    1  0.000  0.533     0.00     0.00     0.00     0.00     0.00 -1 -9.39e-14      0.00 8.112e-01 1.887e-01 2.284e-05 6.268e-06 5.715e-05 -1.000 1.446e-04 4.546 4.784 5.043 4.676 4.406 4.140 3.825 3.566 3.549
0.000152 -2.00981 9.67117 0.8500000238 2.4350347519    0.849  0.135  3.8259  4.488    1  0.000  0.533     0.00     0.00     0.00     0.00     0.00 -1 -1.06e-13      0.00 8.110e-01 1.888e-01 2.290e-05 6.284e-06 5.731e-05 -1.000 1.604e-04 4.434 4.664 4.914 4.559 4.297 4.040 3.736 3.487 3.471
0.000152 -2.00981 9.67117 0.8520783186 2.4356653690    0.851  0.141  3.8267  4.485    1  0.000  0.533     0.00     0.00     0.00     0.00     0.00 -1 -1.07e-13      0.00 8.111e-01 1.888e-01 2.289e-05 6.284e-06 5.730e-05 -1.000 1.604e-04 4.416 4.645 4.894 4.541 4.281 4.024 3.722 3.475 3.459
0.000152 -2.00981 9.67117 0.8666150570 2.4399778843    0.866  0.191  3.8323  4.466    1  0.000  0.533     0.00     0.00     0.00     0.00     0.00 -1 -1.22e-13      0.00 8.111e-01 1.888e-01 2.290e-05 6.284e-06 5.730e-05 -1.000 1.571e-04 4.293 4.515 4.752 4.412 4.162 3.915 3.626 3.391 3.376
0.000152 -2.00981 9.67117 0.8799620271 2.4437937737    0.879  0.237  3.8375  4.447    1  0.000  0.533     0.00     0.00     0.00     0.00     0.00 -1 -1.38e-13      0.00 8.109e-01 1.890e-01 2.291e-05 6.287e-06 5.733e-05 -1.000 1.473e-04 4.177 4.394 4.619 4.291 4.050 3.812 3.536 3.311 3.298
0.000152 -2.00981 9.67117 0.8922670484 2.4471955299    0.891  0.281  3.8423  4.428    1  0.000  0.533     0.00     0.00     0.00     0.00     0.00 -1 -1.55e-13      0.00 8.106e-01 1.892e-01 2.293e-05 6.293e-06 5.739e-05 -1.000 1.399e-04 4.067 4.281 4.493 4.176 3.944 3.715 3.450 3.236 3.224
0.000152 -2.00981 9.67117 0.8999999762 2.4492788315    0.899  0.309  3.8454  4.416    1  0.000  0.533     0.00     0.00     0.00     0.00     0.00 -1 -1.67e-13      0.00 8.104e-01 1.894e-01 2.295e-05 6.298e-06 5.743e-05 -1.000 1.325e-04 3.997 4.209 4.412 4.102 3.876 3.653 3.395 3.188 3.176
0.000152 -2.00981 9.67117 0.9019967318 2.4498100281    0.901  0.316  3.8463  4.413    1  0.000  0.533     0.00     0.00     0.00     0.00     0.00 -1  -1.7e-13      0.00 8.105e-01 1.894e-01 2.295e-05 6.298e-06 5.743e-05 -1.000 1.302e-04 3.979 4.190 4.390 4.083 3.859 3.637 3.381 3.176 3.164
0.000152 -2.00981 9.67117 0.9159014225 2.4534356594    0.915  0.369  3.8527  4.394    1  0.000  0.533     0.00     0.00     0.00     0.00     0.00 -1 -1.94e-13      0.00 8.105e-01 1.894e-01 2.294e-05 6.296e-06 5.741e-05 -1.000 1.325e-04 3.849 4.056 4.239 3.946 3.734 3.523 3.283 3.092 3.080
0.000152 -2.00981 9.67117 0.9274438620 2.4563505650    0.926  0.413  3.8584  4.377    1  0.000  0.533     0.00     0.00     0.00     0.00     0.00 -1 -2.18e-13      0.00 8.105e-01 1.894e-01 2.294e-05 6.295e-06 5.740e-05 -1.000 1.555e-04 3.737 3.942 4.108 3.828 3.626 3.426 3.199 3.020 3.009
0.000152 -2.00981 9.67117 0.9383840561 2.4590373039    0.937  0.457  3.8640  4.361    1  0.000  0.533     0.00     0.00     0.00     0.00     0.00 -1 -2.45e-13      0.00 8.104e-01 1.894e-01 2.294e-05 6.296e-06 5.741e-05 -1.000 1.448e-04 3.626 3.831 3.979 3.711 3.521 3.332 3.117 2.951 2.941
0.000152 -2.00981 9.67117 0.9480913877 2.4613616467    0.947  0.498  3.8694  4.346    1  0.000  0.533     0.00     0.00     0.00     0.00     0.00 -1 -2.72e-13      0.00 8.104e-01 1.895e-01 2.295e-05 6.298e-06 5.743e-05 -1.000 1.072e-04 3.525 3.728 3.860 3.604 3.424 3.245 3.043 2.888 2.878
0.000152 -2.00981 9.67117 0.9499999881 2.4618122578    0.949  0.506  3.8704  4.343    1  0.000  0.533     0.00     0.00     0.00     0.00     0.00 -1 -2.78e-13      0.00 8.103e-01 1.896e-01 2.295e-05 6.299e-06 5.743e-05 -1.000 9.692e-05 3.505 3.708 3.836 3.583 3.405 3.228 3.028 2.876 2.866
0.000152 -2.00981 9.67117 0.9521545172 2.4623184204    0.951  0.515  3.8718  4.340    1  0.000  0.533     0.00     0.00     0.00     0.00     0.00 -1 -2.84e-13      0.00 8.104e-01 1.895e-01 2.295e-05 6.297e-06 5.742e-05 -1.000 8.909e-05 3.482 3.685 3.809 3.559 3.384 3.210 3.013 2.863 2.853
0.000152 -2.00981 9.67117 0.9643837810 2.4651422501    0.963  0.569  3.8796  4.323    1  0.000  0.533     0.00     0.00     0.00     0.00     0.00 -1 -3.25e-13      0.00 8.108e-01 1.892e-01 2.292e-05 6.289e-06 5.735e-05 -1.000 8.871e-05 3.349 3.551 3.651 3.417 3.258 3.099 2.919 2.786 2.777
0.000152 -2.00981 9.67117 0.9756221771 2.4676656723    0.975  0.620  3.8868  4.306    1  0.000  0.533     0.00     0.00     0.00     0.00     0.00 -1 -3.71e-13      0.00 8.110e-01 1.889e-01 2.290e-05 6.284e-06 5.730e-05 -1.000 9.078e-05 3.220 3.422 3.499 3.282 3.137 2.992 2.828 2.710 2.701
0.000152 -2.00981 9.67117 0.9868876338 2.4701287746    0.986  0.674  3.8937  4.285    1  0.000  0.533     0.00     0.00     0.00     0.00     0.00 -1 -4.28e-13      0.00 8.112e-01 1.887e-01 2.288e-05 6.280e-06 5.727e-05 -1.000 1.061e-04 3.084 3.287 3.342 3.141 3.010 2.879 2.731 2.627 2.617
0.000152 -2.00981 9.67117 0.9978846908 2.4724717140    0.997  0.731  3.8999  4.257    1  0.000  0.533     0.00     0.00     0.00     0.00     0.00 -1 -5.01e-13      0.00 8.108e-01 1.891e-01 2.292e-05 6.291e-06 5.737e-05 -1.000 7.229e-05 2.942 3.145 3.180 2.993 2.875 2.757 2.622 2.530 2.520
0.000152 -2.00981 9.67117 1.0000000000 2.4729156494    0.999  0.743  3.9010  4.251    1  0.000  0.533     0.00     0.00     0.00     0.00     0.00 -1 -5.18e-13      0.00 8.106e-01 1.894e-01 2.295e-05 6.297e-06 5.743e-05 -1.000 6.630e-05 2.912 3.116 3.147 2.963 2.848 2.732 2.599 2.509 2.499
0.000152 -2.00981 9.67117 1.0054301023 2.4740452766    1.004  0.773  3.9038  4.234    1  0.000  0.533     0.00     0.00     0.00     0.00     0.00 -1  -5.6e-13      0.00 8.100e-01 1.899e-01 2.300e-05 6.313e-06 5.757e-05 -1.000 7.144e-05 2.837 3.041 3.064 2.887 2.777 2.667 2.540 2.455 2.445
0.000152 -2.00981 9.67117 1.0099809170 2.4749810696    1.009  0.800  3.9056  4.216    1  0.000  0.533     0.00     0.00     0.00     0.00     0.00 -1 -6.05e-13      0.00 8.093e-01 1.906e-01 2.306e-05 6.329e-06 5.771e-05 -1.000 8.075e-05 2.769 2.973 2.989 2.818 2.712 2.606 2.482 2.401 2.391
0.000152 -2.00981 9.67117 1.0117057562 2.4753334522    1.011  0.811  3.9061  4.208    1  0.000  0.533     0.00     0.00     0.00     0.00     0.00 -1 -6.24e-13      0.00 8.091e-01 1.908e-01 2.309e-05 6.335e-06 5.777e-05 -1.000 8.425e-05 2.743 2.947 2.960 2.791 2.686 2.582 2.459 2.378 2.368
0.000152 -2.00981 9.67117 1.0164425373 2.4762935638    1.015  0.843  3.9063  4.179    1  0.000  0.533     0.00     0.00     0.00     0.00     0.00 -1 -6.87e-13      0.00 8.084e-01 1.915e-01 2.315e-05 6.352e-06 5.792e-05 -1.000 9.383e-05 2.663 2.867 2.876 2.709 2.606 2.502 2.380 2.300 2.290
0.000152 -2.00981 9.67117 1.0202744007 2.4770627022    1.019  0.871  3.9050  4.147    1  0.000  0.533     0.00     0.00     0.00     0.00     0.00 -1 -7.54e-13      0.00 8.079e-01 1.920e-01 2.320e-05 6.366e-06 5.804e-05 -1.000 1.015e-04 2.592 2.797 2.804 2.636 2.532 2.427 2.301 2.221 2.210
0.000152 -2.00981 9.67117 1.0209873915 2.4772052765    1.020  0.877  3.9045  4.139    1  0.000  0.533     0.00     0.00     0.00     0.00     0.00 -1 -7.73e-13      0.00 8.078e-01 1.921e-01 2.321e-05 6.368e-06 5.806e-05 -1.000 1.030e-04 2.577 2.783 2.790 2.621 2.516 2.410 2.284 2.202 2.192
0.000152 -2.00981 9.67117 1.0236576796 2.4777364731    1.022  0.899  3.9025  4.111    1  0.000  0.533     0.00     0.00     0.00     0.00     0.00 -1 -8.32e-13      0.00 8.074e-01 1.925e-01 2.325e-05 6.378e-06 5.814e-05 -1.000 1.083e-04 2.524 2.730 2.737 2.566 2.457 2.349 2.219 2.134 2.124
0.000152 -2.00981 9.67117 1.0287182331 2.4787347317    1.027  0.942  3.8969  4.048    2  0.000  0.533     0.00     0.00     0.00     0.00     0.00 -1 -9.75e-13      0.00 8.067e-01 1.932e-01 2.331e-05 6.395e-06 5.830e-05 -1.000 1.184e-04 2.416 2.625 2.635 2.454 2.337 2.220 2.079 1.986 1.975
0.000152 -2.00981 9.67117 1.0323420763 2.4794425964    1.031  0.978  3.8881  3.978    2  0.000  0.533     0.00     0.00     0.00     0.00     0.00 -1 -1.14e-12      0.00 8.062e-01 1.937e-01 2.336e-05 6.408e-06 5.842e-05 -1.000 1.257e-04 2.326 2.540 2.561 2.363 2.231 2.098 1.939 1.831 1.819
0.000152 -2.00981 9.67117 1.0350524187 2.4799683094    1.033  1.009  3.8757  3.897    2  0.000  0.533     0.00     0.00     0.00     0.00     0.00 -1 -1.34e-12      0.00 8.058e-01 1.940e-01 2.339e-05 6.418e-06 5.850e-05 -1.000 1.310e-04 2.247 2.467 2.510 2.289 2.134 1.979 1.793 1.662 1.649
0.000152 -2.00981 9.67117 1.0370721817 2.4803578854    1.035  1.037  3.8598  3.807    2  0.000  0.533     0.00     0.00     0.00     0.00     0.00 -1 -1.58e-12      0.00 8.056e-01 1.943e-01 2.342e-05 6.425e-06 5.856e-05 -1.000 1.350e-04 2.178 2.411 2.483 2.229 2.046 1.861 1.640 1.478 1.463
0.000152 -2.00981 9.67117 1.0382579565 2.4805860519    1.036  1.054  3.8471  3.739    2  0.000  0.533     0.00     0.00     0.00     0.00     0.00 -1 -1.78e-12      0.00 8.054e-01 1.945e-01 2.344e-05 6.429e-06 5.860e-05 -1.000 1.374e-04 2.134 2.381 2.476 2.196 1.989 1.781 1.531 1.343 1.327
0.000152 -2.00981 9.67117 1.0391088724 2.4807491302    1.037  1.068  3.8362  3.683    2  0.000  0.533     0.00     0.00     0.00     0.00     0.00 -1 -1.95e-12      0.00 8.053e-01 1.946e-01 2.345e-05 6.432e-06 5.863e-05 -1.000 1.390e-04 2.100 2.362 2.476 2.172 1.945 1.718 1.443 1.232 1.214
0.000152 -2.00981 9.67117 1.0397295952 2.4808681011    1.038  1.078  3.8271  3.637    2  0.000  0.533     0.00     0.00     0.00     0.00     0.00 -1 -2.11e-12      0.00 8.052e-01 1.947e-01 2.346e-05 6.434e-06 5.865e-05 -1.000 1.403e-04 2.075 2.352 2.481 2.156 1.912 1.669 1.372 1.142 1.122
0.000152 -2.00981 9.67117 1.0402079821 2.4809596539    1.038  1.086  3.8192  3.598    2  0.000  0.533     0.00     0.00     0.00     0.00     0.00 -1 -2.24e-12      0.00 8.051e-01 1.947e-01 2.346e-05 6.436e-06 5.867e-05 -1.000 1.414e-04 2.056 2.348 2.489 2.145 1.887 1.630 1.314 1.067 1.046
0.000152 -2.00981 9.67117 1.0407065153 2.4810547829    1.039  1.094  3.8102  3.554    2  0.000  0.533     0.00     0.00     0.00     0.00     0.00 -1  -2.4e-12      0.00 8.045e-01 1.954e-01 2.353e-05 6.455e-06 5.883e-05 -1.000 1.474e-04 2.036 2.348 2.502 2.135 1.860 1.588 1.250 0.983 0.960
0.000152 -2.00981 9.67117 1.0411101580 2.4811317921    1.039  1.100  3.8022  3.516    2  0.000  0.533     0.00     0.00     0.00     0.00     0.00 -1 -2.54e-12      0.00 8.039e-01 1.959e-01 2.359e-05 6.471e-06 5.898e-05 -1.000 1.517e-04 2.021 2.353 2.518 2.130 1.839 1.553 1.196 0.913 0.886
0.000152 -2.00981 9.67117 1.0414755344 2.4812016487    1.039  1.105  3.7948  3.481    2  0.000  0.533     0.00     0.00     0.00     0.00     0.00 -1 -2.68e-12      0.00 8.032e-01 1.966e-01 2.367e-05 6.492e-06 5.917e-05 -1.000 1.529e-04 2.007 2.362 2.535 2.125 1.821 1.522 1.147 0.848 0.818
0.000152 -2.00981 9.67117 1.0418450832 2.4812719822    1.040  1.110  3.7874  3.446    2  0.000  0.534     0.00     0.00     0.00     0.00     0.00 -1 -2.82e-12      0.00 8.014e-01 1.984e-01 2.387e-05 6.545e-06 5.964e-05 -1.000 1.540e-04 1.994 2.373 2.552 2.121 1.803 1.491 1.099 0.785 0.752
0.000152 -2.00981 9.67117 1.0422282219 2.4813449383    1.040  1.116  3.7803  3.413    2  0.000  0.534     0.00     0.00     0.00     0.00     0.00 -1 -2.96e-12      0.00 7.970e-01 2.028e-01 2.437e-05 6.679e-06 6.083e-05 -1.000 1.543e-04 1.981 2.386 2.569 2.117 1.785 1.462 1.053 0.724 0.687
0.000152 -2.00981 9.67117 1.0426172018 2.4814190865    1.041  1.120  3.7732  3.380    2  0.000  0.534     0.00     0.00     0.00     0.00     0.00 -1 -3.11e-12      0.00 7.914e-01 2.085e-01 2.501e-05 6.850e-06 6.236e-05 -1.000 1.547e-04 1.969 2.406 2.588 2.114 1.769 1.434 1.008 0.665 0.624
0.000152 -2.00981 9.67117 1.0430221558 2.4814958572    1.041  1.126  3.7665  3.348    2  0.000  0.535     0.00     0.00     0.00     0.00     0.00 -1 -3.26e-12      0.00 7.851e-01 2.148e-01 2.561e-05 7.009e-06 6.378e-05 -1.000 1.551e-04 1.956 2.425 2.604 2.109 1.752 1.405 0.963 0.607 0.562
0.000152 -2.00981 9.67117 1.0434554815 2.4815783501    1.041  1.133  3.7603  3.316    2  0.000  0.536     0.00     0.00     0.00     0.00     0.00 -1 -3.43e-12      0.00 7.769e-01 2.229e-01 2.624e-05 7.178e-06 6.528e-05 -1.000 1.571e-04 1.938 2.439 2.615 2.100 1.731 1.374 0.917 0.549 0.500
0.000152 -2.00981 9.67117 1.0439971685 2.4816811085    1.042  1.145  3.7537  3.278    2  0.000  0.536     0.00     0.00     0.00     0.00     0.00 -1 -3.69e-12      0.00 7.679e-01 2.319e-01 2.692e-05 7.359e-06 6.690e-05 -1.000 1.337e-04 1.908 2.450 2.617 2.081 1.698 1.330 0.858 0.478 0.424
0.000152 -2.00981 9.67117 1.0443173647 2.4817416668    1.042  1.153  3.7502  3.255    2  0.000  0.537     0.00     0.00     0.00     0.00     0.00 -1 -3.86e-12      0.00 7.637e-01 2.362e-01 2.725e-05 7.447e-06 6.768e-05 -1.000 1.066e-04 1.887 2.450 2.613 2.065 1.676 1.301 0.820 0.434 0.378
0.000152 -2.00981 9.67117 1.0447218418 2.4818181992    1.043  1.173  3.7473  3.224    3  0.000  0.537     0.00     0.00     0.00     0.00     0.00 -1 -4.18e-12      0.00 7.617e-01 2.381e-01 2.742e-05 7.492e-06 6.808e-05 -1.000 1.397e-04 1.838 2.422 2.579 2.021 1.626 1.247 0.758 0.367 0.308
0.000152 -2.00981 9.67117 1.0454127789 2.4819490910    1.043  1.213  3.7434  3.168    3  0.000  0.537     0.00     0.00     0.00     0.00     0.00 -1 -4.86e-12      0.00 7.592e-01 2.407e-01 2.761e-05 7.544e-06 6.855e-05 -1.000 1.587e-04 1.736 2.349 2.498 1.926 1.524 1.137 0.639 0.241 0.179
0.000152 -2.00981 9.67117 1.0459808111 2.4820563793    1.044  1.252  3.7408  3.120    3  0.000  0.537     0.00     0.00     0.00     0.00     0.00 -1 -5.61e-12      0.00 7.575e-01 2.424e-01 2.772e-05 7.573e-06 6.881e-05 -1.000 1.604e-04 1.640 2.271 2.414 1.834 1.427 1.036 0.531 0.128 0.064
0.000152 -2.00981 9.67117 1.0465382338 2.4821615219    1.044  1.293  3.7386  3.070    3  0.000  0.537     0.00     0.00     0.00     0.00     0.00 -1 -6.52e-12      0.00 7.558e-01 2.440e-01 2.779e-05 7.597e-06 6.900e-05 -1.000 1.605e-04 1.538 2.187 2.323 1.736 1.325 0.930 0.419 0.011 -0.054
0.000152 -2.00981 9.67117 1.0470862389 2.4822647572    1.045  1.336  3.7367  3.020    3  0.000  0.536     0.00     0.00     0.00     0.00     0.00 -1 -7.62e-12      0.00 7.542e-01 2.457e-01 2.779e-05 7.628e-06 6.915e-05 -1.000 1.605e-04 1.431 2.096 2.226 1.633 1.218 0.820 0.304 -0.109 -0.175
0.000152 -2.00981 9.67117 1.0476027727 2.4823617935    1.045  1.378  3.7349  2.970    3  0.000  0.532     0.00     0.00     0.00     0.00     0.00 -1  -8.9e-12      0.00 7.524e-01 2.475e-01 2.764e-05 7.730e-06 6.928e-05 -1.000 1.604e-04 1.324 2.005 2.129 1.529 1.111 0.711 0.190 -0.227 -0.294
0.000152 -2.00981 9.67117 1.0481040478 2.4824562073    1.046  1.422  3.7332  2.920    3  0.000  0.523     0.00     0.00     0.00     0.00     0.00 -1 -1.04e-11      0.00 7.505e-01 2.493e-01 2.719e-05 8.102e-06 6.938e-05 -1.000 1.604e-04 1.215 1.909 2.027 1.423 1.002 0.599 0.073 -0.347 -0.415
0.000152 -2.00981 9.67117 1.0485707521 2.4825437069    1.046  1.465  3.7317  2.871    3  0.000  0.509     0.00     0.00     0.00     0.00     0.00 -1 -1.22e-11      0.00 7.487e-01 2.511e-01 2.645e-05 8.878e-06 6.945e-05 -1.000 1.414e-04 1.107 1.815 1.927 1.318 0.895 0.490 -0.041 -0.464 -0.533
0.000152 -2.00981 9.67117 1.0490062237 2.4826254845    1.046  1.507  3.7302  2.823    3  0.000  0.492     0.00     0.00     0.00     0.00     0.00 -1 -1.42e-11      0.00 7.470e-01 2.528e-01 2.560e-05 9.882e-06 6.951e-05 -1.000 1.259e-04 1.002 1.723 1.829 1.215 0.790 0.382 -0.153 -0.580 -0.649
0.000152 -2.00981 9.67117 1.0494412184 2.4827070236    1.047  1.552  3.7286  2.772    3  0.000  0.476     0.00     0.00     0.00     0.00     0.00 -1 -1.66e-11      0.00 7.453e-01 2.545e-01 2.482e-05 1.086e-05 6.957e-05 -1.000 1.490e-04 0.889 1.625 1.725 1.106 0.678 0.267 -0.272 -0.702 -0.772
0.000152 -2.00981 9.67117 1.0498383045 2.4827814102    1.047  1.596  3.7271  2.723    3  0.000  0.464     0.00     0.00     0.00     0.00     0.00 -1 -1.95e-11      0.00 7.438e-01 2.560e-01 2.421e-05 1.164e-05 6.961e-05 -1.000 1.602e-04 0.780 1.530 1.624 1.000 0.569 0.156 -0.387 -0.821 -0.892
0.000152 -2.00981 9.67117 1.0499999523 2.4828116894    1.047  1.615  3.7265  2.701    3  0.000  0.460     0.00     0.00     0.00     0.00     0.00 -1 -2.08e-11      0.00 7.433e-01 2.566e-01 2.401e-05 1.189e-05 6.962e-05 -1.000 1.605e-04 0.733 1.489 1.580 0.954 0.522 0.108 -0.437 -0.873 -0.944
0.000152 -2.00981 9.67117 1.0502139330 2.4828517437    1.047  1.639  3.7256  2.673    3  0.000  0.455     0.00     0.00     0.00     0.00     0.00 -1 -2.28e-11      0.00 7.425e-01 2.573e-01 2.375e-05 1.222e-05 6.964e-05 -1.000 1.604e-04 0.672 1.436 1.523 0.895 0.461 0.045 -0.502 -0.940 -1.011
0.000152 -2.00981 9.67117 1.0505670309 2.4829175472    1.047  1.683  3.7240  2.624    3  0.000  0.449     0.00     0.00     0.00     0.00     0.00 -1 -2.66e-11      0.00 7.415e-01 2.584e-01 2.341e-05 1.265e-05 6.967e-05 -1.000 1.604e-04 0.563 1.342 1.423 0.790 0.354 -0.065 -0.617 -1.058 -1.130
0.000152 -2.00981 9.67117 1.0509008169 2.4829800129    1.048  1.726  3.7225  2.574    3  0.000  0.443     0.00     0.00     0.00     0.00     0.00 -1 -3.11e-11      0.00 7.405e-01 2.593e-01 2.314e-05 1.299e-05 6.968e-05 -1.000 1.603e-04 0.454 1.246 1.322 0.684 0.245 -0.176 -0.732 -1.178 -1.250
0.000152 -2.00981 9.67117 1.0512120724 2.4830381870    1.048  1.770  3.7209  2.524    3  0.000  0.440     0.00     0.00     0.00     0.00     0.00 -1 -3.65e-11      0.00 7.398e-01 2.600e-01 2.295e-05 1.323e-05 6.970e-05 -1.000 1.605e-04 0.344 1.150 1.221 0.577 0.135 -0.288 -0.849 -1.298 -1.371
0.000152 -2.00981 9.67117 1.0515021086 2.4830923080    1.048  1.814  3.7193  2.473    3  0.000  0.437     0.00     0.00     0.00     0.00     0.00 -1 -4.28e-11      0.00 7.393e-01 2.605e-01 2.282e-05 1.340e-05 6.971e-05 -1.000 1.603e-04 0.234 1.058 1.121 0.471 0.026 -0.400 -0.966 -1.419 -1.493
0.000152 -2.00981 9.67117 1.0517650843 2.4831411839    1.048  1.857  3.7177  2.424    3  0.000  0.435     0.00     0.00     0.00     0.00     0.00 -1    -5e-11      0.00 7.390e-01 2.609e-01 2.273e-05 1.351e-05 6.972e-05 -1.000 1.605e-04 0.127 0.969 1.023 0.367 -0.081 -0.509 -1.080 -1.536 -1.611
0.000152 -2.00981 9.67117 1.0520128012 2.4831874371    1.048  1.900  3.7160  2.374    3  0.000  0.434     0.00     0.00     0.00     0.00     0.00 -1 -5.85e-11      0.00 7.387e-01 2.611e-01 2.267e-05 1.359e-05 6.972e-05 -1.000 1.604e-04 0.019 0.881 0.925 0.263 -0.189 -0.620 -1.195 -1.655 -1.731
0.000152 -2.00981 9.67117 1.0522409678 2.4832298756    1.048  1.943  3.7144  2.325    3  0.000  0.433     0.00     0.00     0.00     0.00     0.00 -1 -6.83e-11      0.00 7.386e-01 2.613e-01 2.263e-05 1.363e-05 6.972e-05 -1.000 1.604e-04 -0.088 0.794 0.829 0.160 -0.295 -0.730 -1.310 -1.774 -1.850
0.000152 -2.00981 9.67117 1.0524545908 2.4832696915    1.048  1.987  3.7127  2.275    3  0.000  0.433     0.00     0.00     0.00     0.00     0.00 -1 -7.99e-11      0.00 7.385e-01 2.613e-01 2.262e-05 1.365e-05 6.972e-05 -1.000 1.604e-04 -0.197 0.706 0.731 0.055 -0.403 -0.840 -1.425 -1.893 -1.970
0.000152 -2.00981 9.67117 1.0526437759 2.4833049774    1.048  2.028  3.7111  2.227    3  0.000  0.433     0.00     0.00     0.00     0.00     0.00 -1 -9.28e-11      0.00 7.385e-01 2.613e-01 2.262e-05 1.366e-05 6.972e-05 -1.000 1.604e-04 -0.299 0.623 0.639 -0.043 -0.505 -0.945 -1.534 -2.006 -2.084
0.000152 -2.00981 9.67117 1.0528281927 2.4833390713    1.048  2.071  3.7093  2.177    3  0.000  0.433     0.00     0.00     0.00     0.00     0.00 -1 -1.09e-10      0.00 7.385e-01 2.613e-01 2.261e-05 1.366e-05 6.972e-05 -1.000 1.605e-04 -0.407 0.538 0.544 -0.146 -0.612 -1.055 -1.650 -2.126 -2.204
0.000152 -2.00981 9.67117 1.0529946089 2.4833700657    1.048  2.113  3.7077  2.128    3  0.000  0.433     0.00     0.00     0.00     0.00     0.00 -1 -1.27e-10      0.00 7.385e-01 2.613e-01 2.261e-05 1.367e-05 6.972e-05 -1.000 1.605e-04 -0.512 0.455 0.451 -0.247 -0.716 -1.162 -1.761 -2.242 -2.321
0.000152 -2.00981 9.67117 1.0531529188 2.4833996296    1.048  2.156  3.7059  2.078    3  0.000  0.433     0.00     0.00     0.00     0.00     0.00 -1 -1.48e-10      0.00 7.385e-01 2.613e-01 2.261e-05 1.367e-05 6.972e-05 -1.000 1.604e-04 -0.619 0.371 0.357 -0.350 -0.823 -1.272 -1.877 -2.361 -2.442
0.000152 -2.00981 9.67117 1.0532939434 2.4834256172    1.047  2.197  3.7042  2.030    3  0.000  0.433     0.00     0.00     0.00     0.00     0.00 -1 -1.72e-10      0.00 7.385e-01 2.614e-01 2.260e-05 1.368e-05 6.972e-05 -1.000 1.604e-04 -0.723 0.291 0.266 -0.448 -0.925 -1.377 -1.987 -2.477 -2.558
0.000152 -2.00981 9.67117 1.0534305573 2.4834511280    1.047  2.240  3.7025  1.980    3  0.000  0.433     0.00     0.00     0.00     0.00     0.00 -1 -2.01e-10      0.00 7.385e-01 2.614e-01 2.260e-05 1.368e-05 6.972e-05 -1.000 1.604e-04 -0.830 0.208 0.173 -0.550 -1.031 -1.486 -2.102 -2.595 -2.677
0.000152 -2.00981 9.67117 1.0535546541 2.4834742546    1.047  2.281  3.7007  1.931    3  0.000  0.433     0.00     0.00     0.00     0.00     0.00 -1 -2.34e-10      0.00 7.385e-01 2.614e-01 2.260e-05 1.368e-05 6.972e-05 -1.000 1.604e-04 -0.933 0.132 0.084 -0.648 -1.133 -1.592 -2.213 -2.710 -2.793
0.000152 -2.00981 9.67117 1.0536754131 2.4834966660    1.047  2.322  3.6988  1.883    3  0.000  0.433     0.00     0.00     0.00     0.00     0.00 -1 -2.73e-10      0.00 7.385e-01 2.614e-01 2.260e-05 1.368e-05 6.972e-05 -1.000 1.605e-04 -1.035 0.059 -0.004 -0.745 -1.234 -1.697 -2.323 -2.825 -2.909
0.000152 -2.00981 9.67117 1.0538026094 2.4835202694    1.046  2.361  3.6973  1.838    3  0.000  0.433     0.00     0.00     0.00     0.00     0.00 -1 -3.14e-10      0.00 7.385e-01 2.614e-01 2.259e-05 1.369e-05 6.973e-05 -1.000 1.603e-04 -1.132 -0.012 -0.087 -0.836 -1.329 -1.795 -2.426 -2.932 -3.016
0.000152 -2.00981 9.67117 1.0538878441 2.4835360050    1.046  2.379  3.6965  1.816    3  0.000  0.433     0.00     0.00     0.00     0.00     0.00 -1 -3.37e-10      0.00 7.385e-01 2.614e-01 2.259e-05 1.369e-05 6.973e-05 -1.000 1.604e-04 -1.178 -0.045 -0.127 -0.881 -1.375 -1.842 -2.476 -2.984 -3.069
0.000152 -2.00981 9.67117 1.0539360046 2.4835448265    1.046  2.363  3.6974  1.836    3  0.000  0.433     0.00     0.00     0.00     0.00     0.00 -1  -3.2e-10      0.00 7.385e-01 2.614e-01 2.259e-05 1.369e-05 6.973e-05 -1.000 1.604e-04 -1.137 -0.017 -0.092 -0.842 -1.334 -1.800 -2.431 -2.937 -3.021
0.000152 -2.00981 9.67117 1.0539970398 2.4835562706    1.045  2.337  3.6986  1.866    3  0.000  0.432     0.00     0.00     0.00     0.00     0.00 -1 -2.94e-10      0.00 7.385e-01 2.614e-01 2.259e-05 1.369e-05 6.973e-05 -1.000 1.604e-04 -1.074 0.026 -0.040 -0.782 -1.272 -1.736 -2.363 -2.866 -2.949
0.000152 -2.00981 9.67117 1.0540078878 2.4835581779    1.045  2.332  3.6988  1.872    3  0.000  0.432     0.00     0.00     0.00     0.00     0.00 -1 -2.87e-10      0.00 7.385e-01 2.614e-01 2.259e-05 1.369e-05 6.973e-05 -1.000 1.604e-04 -1.060 0.036 -0.028 -0.770 -1.259 -1.722 -2.348 -2.851 -2.934
0.000152 -2.00981 9.67117 1.0540845394 2.4835724831    1.045  2.366  3.6974  1.832    3  0.000  0.432     0.00     0.00     0.00     0.00     0.00 -1 -3.22e-10      0.00 7.384e-01 2.614e-01 2.259e-05 1.369e-05 6.973e-05 -1.000 1.604e-04 -1.146 -0.026 -0.102 -0.851 -1.344 -1.809 -2.440 -2.946 -3.030
0.000152 -2.00981 9.67117 1.0541777611 2.4835896492    1.045  2.408  3.6955  1.783    3  0.000  0.432     0.00     0.00     0.00     0.00     0.00 -1 -3.75e-10      0.00 7.384e-01 2.614e-01 2.259e-05 1.370e-05 6.973e-05 -1.000 1.604e-04 -1.251 -0.100 -0.190 -0.950 -1.447 -1.916 -2.553 -3.063 -3.149
0.000152 -2.00981 9.67117 1.0542632341 2.4836056232    1.044  2.448  3.6936  1.735    3  0.000  0.432     0.00     0.00     0.00     0.00     0.00 -1 -4.34e-10      0.00 7.384e-01 2.614e-01 2.259e-05 1.370e-05 6.973e-05 -1.000 1.604e-04 -1.351 -0.169 -0.274 -1.044 -1.546 -2.018 -2.661 -3.176 -3.262
0.000152 -2.00981 9.67117 1.0543444157 2.4836206436    1.044  2.489  3.6919  1.687    3  0.000  0.432     0.00     0.00     0.00     0.00     0.00 -1 -5.04e-10      0.00 7.384e-01 2.614e-01 2.259e-05 1.370e-05 6.973e-05 -1.000 1.604e-04 -1.452 -0.241 -0.360 -1.139 -1.645 -2.121 -2.769 -3.289 -3.376
0.000152 -2.00981 9.67117 1.0544207096 2.4836347103    1.043  2.529  3.6899  1.639    3  0.000  0.432     5.52     4.45     3.21     2.45     1.98  4 -5.85e-10      0.00 7.384e-01 2.614e-01 2.258e-05 1.370e-05 6.973e-05 -1.000 1.605e-04 -1.553 -0.309 -0.443 -1.233 -1.744 -2.224 -2.878 -3.403 -3.491
0.000152 -2.00981 9.67117 1.0544923544 2.4836480618    1.043  2.569  3.6881  1.591    3  0.000  0.432     6.10     4.85     3.48     2.66     2.16  4 -6.79e-10      0.00 7.384e-01 2.614e-01 2.258e-05 1.370e-05 6.973e-05 -1.000 1.604e-04 -1.654 -0.376 -0.526 -1.327 -1.843 -2.326 -2.986 -3.516 -3.605
0.000152 -2.00981 9.67117 1.0545597076 2.4836604595    1.042  2.610  3.6862  1.543    3  0.000  0.432     6.74     5.29     3.79     2.90     2.35  4 -7.89e-10      0.00 7.384e-01 2.614e-01 2.258e-05 1.370e-05 6.973e-05 -1.000 1.604e-04 -1.755 -0.441 -0.607 -1.420 -1.941 -2.429 -3.095 -3.631 -3.720
0.000152 -2.00981 9.67117 1.0546208620 2.4836719036    1.041  2.649  3.6843  1.496    3  0.000  0.432     7.43     5.76     4.10     3.14     2.55  4 -9.12e-10      0.00 7.384e-01 2.614e-01 2.258e-05 1.371e-05 6.973e-05 -1.000 1.604e-04 -1.852 -0.489 -0.682 -1.511 -2.038 -2.529 -3.201 -3.742 -3.831
0.000152 -2.00981 9.67117 1.0546799898 2.4836828709    1.041  2.689  3.6824  1.448    3  0.000  0.432     8.21     6.28     4.46     3.42     2.77  4 -1.06e-09      0.00 7.384e-01 2.614e-01 2.258e-05 1.371e-05 6.973e-05 -1.000 1.604e-04 -1.953 -0.530 -0.756 -1.604 -2.138 -2.633 -3.312 -3.857 -3.946
0.000152 -2.00981 9.67117 1.0547338724 2.4836928844    1.040  2.729  3.6804  1.400    3  0.000  0.432     9.07     6.84     4.84     3.72     3.01  3 -1.23e-09      0.00 7.384e-01 2.614e-01 2.258e-05 1.371e-05 6.973e-05 -1.000 1.604e-04 -2.051 -0.561 -0.823 -1.694 -2.236 -2.736 -3.420 -3.971 -4.060
0.000152 -2.00981 9.67117 1.0547834635 2.4837019444    1.039  2.767  3.6785  1.353    3  0.000  0.432     9.99     7.44     5.24     4.03     3.27  3 -1.42e-09      0.00 7.384e-01 2.614e-01 2.258e-05 1.371e-05 6.973e-05 -1.000 1.605e-04 -2.148 -0.590 -0.889 -1.782 -2.331 -2.836 -3.526 -4.081 -4.170
0.000152 -2.00981 9.67117 1.0548315048 2.4837107658    1.038  2.807  3.6764  1.305    3  0.000  0.432    11.05     8.12     5.70     4.39     3.56  3 -1.65e-09      0.00 7.384e-01 2.614e-01 2.258e-05 1.371e-05 6.973e-05 -1.000 1.604e-04 -2.248 -0.608 -0.951 -1.871 -2.429 -2.939 -3.636 -4.196 -4.285
0.000152 -2.00981 9.67117 1.0548738241 2.4837186337    1.037  2.844  3.6745  1.259    3  0.000  0.432    12.14     8.82     6.17     4.75     3.86  3  -1.9e-09      0.00 7.384e-01 2.614e-01 2.258e-05 1.371e-05 6.973e-05 -1.000 1.604e-04 -2.341 -0.623 -1.008 -1.954 -2.521 -3.036 -3.739 -4.305 -4.392
0.000152 -2.00981 9.67117 1.0549156666 2.4837265015    1.036  2.884  3.6724  1.211    3  0.000  0.432    13.41     9.62     6.70     5.17     4.20  3  -2.2e-09      0.00 7.384e-01 2.614e-01 2.258e-05 1.371e-05 6.973e-05 -1.000 1.604e-04 -2.439 -0.627 -1.062 -2.040 -2.617 -3.137 -3.848 -4.419 -4.506
0.000152 -2.00981 9.67117 1.0549533367 2.4837334156    1.034  2.921  3.6704  1.165    3  0.000  0.432    14.76    10.45     7.25     5.61     4.55  3 -2.54e-09      0.00 7.384e-01 2.614e-01 2.257e-05 1.371e-05 6.973e-05 -1.000 1.604e-04 -2.533 -0.627 -1.112 -2.121 -2.709 -3.235 -3.953 -4.528 -4.615
0.000152 -2.00981 9.67117 1.0549890995 2.4837400913    1.033  2.959  3.6684  1.119    3  0.000  0.432    16.25    11.36     7.86     6.08     4.94  3 -2.93e-09      0.00 7.384e-01 2.614e-01 2.257e-05 1.371e-05 6.973e-05 -1.000 1.604e-04 -2.628 -0.624 -1.161 -2.202 -2.800 -3.333 -4.058 -4.638 -4.725
0.000152 -2.00981 9.67117 1.0550221205 2.4837460518    1.032  2.996  3.6663  1.072    3  0.000  0.432    17.88    12.35     8.50     6.59     5.35  3 -3.37e-09      0.00 7.384e-01 2.614e-01 2.257e-05 1.372e-05 6.973e-05 -1.000 1.604e-04 -2.721 -0.607 -1.203 -2.279 -2.890 -3.429 -4.161 -4.748 -4.833
0.000152 -2.00981 9.67117 1.0550532341 2.4837520123    1.030  3.033  3.6643  1.027    3  0.000  0.432    19.66    13.41     9.20     7.14     5.80  2 -3.88e-09      0.00 7.384e-01 2.614e-01 2.257e-05 1.372e-05 6.973e-05 -1.000 1.604e-04 -2.814 -0.588 -1.243 -2.355 -2.979 -3.525 -4.264 -4.856 -4.941
0.000152 -2.00981 9.67117 1.0550827980 2.4837574959    1.028  3.071  3.6621  0.980    3  0.000  0.432    21.67    14.59     9.97     7.75     6.29  2 -4.48e-09      0.00 7.384e-01 2.614e-01 2.257e-05 1.372e-05 6.973e-05 -1.000 1.605e-04 -2.907 -0.552 -1.275 -2.429 -3.068 -3.622 -4.370 -4.967 -5.051
0.000152 -2.00981 9.67117 1.0551167727 2.4837636948    1.026  3.116  3.6595  0.923    3  0.000  0.432    24.36    16.15    10.99     8.55     6.95  2 -5.34e-09      0.00 7.384e-01 2.614e-01 2.257e-05 1.372e-05 6.973e-05 -1.000 1.604e-04 -3.020 -0.494 -1.304 -2.515 -3.174 -3.739 -4.497 -5.100 -5.184
0.000152 -2.00981 9.67117 1.0551426411 2.4837684631    1.024  3.153  3.6574  0.877    3  0.000  0.432    26.80    17.54    11.89     9.26     7.53  2 -6.14e-09      0.00 7.384e-01 2.614e-01 2.257e-05 1.372e-05 6.973e-05 -1.000 1.604e-04 -3.111 -0.450 -1.327 -2.582 -3.258 -3.832 -4.599 -5.208 -5.292
0.000152 -2.00981 9.67117 1.0551725626 2.4837739468    1.021  3.196  3.6547  0.821    3  0.000  0.432    30.07    19.38    13.08    10.20     8.30  2 -7.28e-09      0.00 7.384e-01 2.614e-01 2.257e-05 1.372e-05 6.973e-05 -1.000 1.605e-04 -3.221 -0.437 -1.370 -2.663 -3.356 -3.940 -4.720 -5.336 -5.420
0.000152 -2.00981 9.67117 1.0551939011 2.4837779999    1.019  3.227  3.6528  0.783    3  0.000  0.432    32.58    20.78    13.98    10.92     8.88  2 -8.22e-09      0.00 7.384e-01 2.614e-01 2.257e-05 1.372e-05 6.973e-05 -1.000 1.604e-04 -3.297 -0.426 -1.399 -2.719 -3.424 -4.016 -4.803 -5.424 -5.509
0.000152 -2.00981 9.67117 1.0551939011 2.4837779999    1.018  1.850  3.7649  2.607    4  0.000  0.445     0.00     0.00     0.00     0.00     0.00 -1    -1e-30      0.00 7.401e-01 2.598e-01 2.322e-05 1.285e-05 6.960e-05 -1.000 1.604e-04 0.144 0.656 0.765 0.283 -0.070 -0.414 -0.862 -1.219 -1.264
0.000152 -2.00981 9.67117 1.0553481579 2.4838063717    1.019  1.865  3.7607  2.576    4  0.000  0.445     0.00     0.00     0.00     0.00     0.00 -1    -1e-30      0.00 7.401e-01 2.598e-01 2.322e-05 1.286e-05 6.960e-05 -1.000 1.605e-04 0.108 0.639 0.750 0.254 -0.106 -0.458 -0.917 -1.283 -1.330
0.000152 -2.00981 9.67117 1.0555133820 2.4838371277    1.019  1.870  3.7595  2.567    4  0.000  0.445     0.00     0.00     0.00     0.00     0.00 -1    -1e-30      0.00 7.401e-01 2.598e-01 2.322e-05 1.286e-05 6.960e-05 -1.000 1.605e-04 0.096 0.633 0.744 0.245 -0.119 -0.472 -0.934 -1.303 -1.351
0.000152 -2.00981 9.67117 1.0556651354 2.4838650227    1.019  1.872  3.7592  2.562    4  0.000  0.445     0.00     0.00     0.00     0.00     0.00 -1    -1e-30      0.00 7.400e-01 2.598e-01 2.321e-05 1.287e-05 6.960e-05 -1.000 1.605e-04 0.089 0.628 0.739 0.238 -0.126 -0.480 -0.943 -1.313 -1.361
0.000152 -2.00981 9.67117 1.0558320284 2.4838960171    1.019  1.875  3.7591  2.560    4  0.000  0.445     0.00     0.00     0.00     0.00     0.00 -1    -1e-30      0.00 7.400e-01 2.598e-01 2.321e-05 1.287e-05 6.960e-05 -1.000 1.605e-04 0.082 0.621 0.732 0.231 -0.133 -0.487 -0.950 -1.320 -1.368
0.000152 -2.00981 9.67117 1.0559889078 2.4839248657    1.019  1.877  3.7595  2.559    4  0.000  0.445     0.00     0.00     0.00     0.00     0.00 -1    -1e-30      0.00 7.400e-01 2.598e-01 2.321e-05 1.287e-05 6.960e-05 -1.000 1.604e-04 0.077 0.614 0.725 0.225 -0.138 -0.491 -0.954 -1.323 -1.370
0.000152 -2.00981 9.67117 1.0561412573 2.4839529991    1.020  1.879  3.7602  2.560    4  0.000  0.445     0.00     0.00     0.00     0.00     0.00 -1    -1e-30      0.00 7.400e-01 2.598e-01 2.320e-05 1.288e-05 6.960e-05 -1.000 1.605e-04 0.073 0.607 0.717 0.220 -0.142 -0.494 -0.955 -1.323 -1.370
0.000152 -2.00981 9.67117 1.0563083887 2.4839837551    1.020  1.880  3.7611  2.563    4  0.000  0.445     0.00     0.00     0.00     0.00     0.00 -1    -1e-30      0.00 7.400e-01 2.598e-01 2.320e-05 1.288e-05 6.960e-05 -1.000 1.605e-04 0.069 0.599 0.708 0.214 -0.146 -0.496 -0.954 -1.320 -1.366
0.000152 -2.00981 9.67117 1.0564647913 2.4840128422    1.020  1.882  3.7622  2.566    4  0.000  0.445     0.00     0.00     0.00     0.00     0.00 -1    -1e-30      0.00 7.400e-01 2.598e-01 2.320e-05 1.289e-05 6.960e-05 -1.000 1.604e-04 0.066 0.591 0.699 0.209 -0.149 -0.497 -0.953 -1.316 -1.361
0.000152 -2.00981 9.67117 1.0566334724 2.4840438366    1.020  1.883  3.7636  2.570    4  0.000  0.445     0.00     0.00     0.00     0.00     0.00 -1    -1e-30      0.00 7.400e-01 2.598e-01 2.319e-05 1.289e-05 6.960e-05 -1.000 1.605e-04 0.063 0.582 0.689 0.203 -0.152 -0.498 -0.950 -1.310 -1.355
0.000152 -2.00981 9.67117 1.0567940474 2.4840734005    1.020  1.884  3.7649  2.574    4  0.000  0.445     0.00     0.00     0.00     0.00     0.00 -1    -1e-30      0.00 7.400e-01 2.599e-01 2.319e-05 1.290e-05 6.961e-05 -1.000 1.603e-04 0.060 0.573 0.679 0.197 -0.155 -0.498 -0.947 -1.304 -1.348
0.000152 -2.00981 9.67117 1.0569509268 2.4841022491    1.020  1.885  3.7663  2.579    4  0.000  0.445     0.00     0.00     0.00     0.00     0.00 -1    -1e-30      0.00 7.400e-01 2.599e-01 2.319e-05 1.290e-05 6.961e-05 -1.000 1.605e-04 0.057 0.564 0.669 0.192 -0.157 -0.498 -0.943 -1.297 -1.341
0.000152 -2.00981 9.67117 1.0571240187 2.4841341972    1.021  1.886  3.7678  2.584    4  0.000  0.445     0.00     0.00     0.00     0.00     0.00 -1    -1e-30      0.00 7.400e-01 2.599e-01 2.318e-05 1.290e-05 6.961e-05 -1.000 1.605e-04 0.054 0.554 0.658 0.186 -0.160 -0.499 -0.940 -1.290 -1.332
0.000152 -2.00981 9.67117 1.0572832823 2.4841635227    1.021  1.887  3.7691  2.588    4  0.000  0.444     0.00     0.00     0.00     0.00     0.00 -1    -1e-30      0.00 7.400e-01 2.599e-01 2.318e-05 1.291e-05 6.961e-05 -1.000 1.605e-04 0.052 0.545 0.648 0.181 -0.163 -0.499 -0.936 -1.283 -1.325
0.000152 -2.00981 9.67117 1.0574522018 2.4841947556    1.021  1.889  3.7705  2.592    4  0.000  0.444     0.00     0.00     0.00     0.00     0.00 -1    -1e-30      0.00 7.400e-01 2.599e-01 2.318e-05 1.291e-05 6.961e-05 -1.000 1.605e-04 0.049 0.536 0.638 0.175 -0.166 -0.499 -0.933 -1.277 -1.319
0.000152 -2.00981 9.67117 1.0575901270 2.4842200279    1.021  1.890  3.7715  2.595    4  0.000  0.444     0.00     0.00     0.00     0.00     0.00 -1    -1e-30      0.00 7.399e-01 2.599e-01 2.318e-05 1.292e-05 6.961e-05 -1.000 1.605e-04 0.046 0.529 0.630 0.170 -0.168 -0.500 -0.931 -1.273 -1.314
0.000152 -2.00981 9.67117 1.0576078892 2.4842233658    1.021  1.890  3.7716  2.596    4  0.000  0.444     0.00     0.00     0.00     0.00     0.00 -1    -1e-30      0.00 7.399e-01 2.599e-01 2.318e-05 1.292e-05 6.961e-05 -1.000 1.605e-04 0.046 0.528 0.629 0.170 -0.169 -0.500 -0.931 -1.272 -1.313
0.000152 -2.00981 9.67117 1.0577663183 2.4842524529    1.021  1.891  3.7726  2.599    4  0.000  0.444     0.00     0.00     0.00     0.00     0.00 -1    -1e-30      0.00 7.399e-01 2.599e-01 2.317e-05 1.292e-05 6.961e-05 -1.000 1.605e-04 0.043 0.520 0.621 0.165 -0.172 -0.501 -0.930 -1.268 -1.309
0.000152 -2.00981 9.67117 1.0579193830 2.4842805862    1.021  1.892  3.7735  2.601    4  0.000  0.444     0.00     0.00     0.00     0.00     0.00 -1    -1e-30      0.00 7.399e-01 2.599e-01 2.317e-05 1.293e-05 6.961e-05 -1.000 1.603e-04 0.039 0.513 0.613 0.160 -0.175 -0.503 -0.929 -1.265 -1.305
0.000152 -2.00981 9.67117 1.0580763817 2.4843094349    1.022  1.894  3.7742  2.602    4  0.000  0.444     0.00     0.00     0.00     0.00     0.00 -1    -1e-30      0.00 7.399e-01 2.599e-01 2.317e-05 1.293e-05 6.961e-05 -1.000 1.605e-04 0.036 0.507 0.606 0.155 -0.178 -0.505 -0.929 -1.263 -1.304
0.000152 -2.00981 9.67117 1.0582325459 2.4843382835    1.022  1.895  3.7746  2.603    4  0.000  0.444     0.00     0.00     0.00     0.00     0.00 -1    -1e-30      0.00 7.399e-01 2.599e-01 2.316e-05 1.293e-05 6.961e-05 -1.000 1.605e-04 0.032 0.501 0.600 0.151 -0.182 -0.508 -0.931 -1.264 -1.304
0.000152 -2.00981 9.67117 1.0583953857 2.4843680859    1.022  1.897  3.7746  2.601    4  0.000  0.444     0.00     0.00     0.00     0.00     0.00 -1    -1e-30      0.00 7.399e-01 2.599e-01 2.316e-05 1.294e-05 6.961e-05 -1.000 1.605e-04 0.028 0.497 0.595 0.146 -0.187 -0.512 -0.935 -1.268 -1.308
0.000152 -2.00981 9.67117 1.0585570335 2.4843978882    1.022  1.899  3.7745  2.599    4  0.000  0.444     0.00     0.00     0.00     0.00     0.00 -1    -1e-30      0.00 7.399e-01 2.599e-01 2.316e-05 1.294e-05 6.961e-05 -1.000 1.605e-04 0.023 0.493 0.591 0.141 -0.191 -0.517 -0.941 -1.274 -1.314
0.000152 -2.00981 9.67117 1.0587173700 2.4844272137    1.022  1.901  3.7740  2.595    4  0.000  0.444     0.00     0.00     0.00     0.00     0.00 -1    -1e-30      0.00 7.399e-01 2.599e-01 2.315e-05 1.295e-05 6.961e-05 -1.000 1.604e-04 0.018 0.490 0.589 0.137 -0.197 -0.523 -0.948 -1.283 -1.323
0.000152 -2.00981 9.67117 1.0587615967 2.4844353199    1.022  1.901  3.7738  2.593    4  0.000  0.444     0.00     0.00     0.00     0.00     0.00 -1    -1e-30      0.00 7.399e-01 2.600e-01 2.315e-05 1.295e-05 6.961e-05 -1.000 1.604e-04 0.016 0.489 0.588 0.136 -0.198 -0.525 -0.950 -1.286 -1.326
0.000152 -2.00981 9.67117 1.0588870049 2.4844584465    1.023  1.903  3.7730  2.588    4  0.000  0.444     0.00     0.00     0.00     0.00     0.00 -1    -1e-30      0.00 7.399e-01 2.600e-01 2.315e-05 1.295e-05 6.961e-05 -1.000 1.604e-04 0.012 0.488 0.587 0.133 -0.203 -0.532 -0.959 -1.296 -1.337
0.000152 -2.00981 9.67117 1.0590435266 2.4844870567    1.023  1.906  3.7718  2.581    4  0.000  0.444     0.00     0.00     0.00     0.00     0.00 -1    -1e-30      0.00 7.399e-01 2.600e-01 2.315e-05 1.295e-05 6.961e-05 -1.000 1.605e-04 0.005 0.487 0.586 0.128 -0.210 -0.541 -0.971 -1.311 -1.352
0.000152 -2.00981 9.67117 1.0591977835 2.4845154285    1.023  1.909  3.7703  2.572    4  0.000  0.444     0.00     0.00     0.00     0.00     0.00 -1    -1e-30      0.00 7.399e-01 2.600e-01 2.314e-05 1.296e-05 6.961e-05 -1.000 1.605e-04 -0.002 0.487 0.587 0.124 -0.217 -0.551 -0.985 -1.329 -1.370
0.000152 -2.00981 9.67117 1.0593564510 2.4845445156    1.023  1.912  3.7686  2.562    4  0.000  0.444     0.00     0.00     0.00     0.00     0.00 -1    -1e-30      0.00 7.399e-01 2.600e-01 2.314e-05 1.296e-05 6.962e-05 -1.000 1.605e-04 -0.010 0.487 0.588 0.119 -0.225 -0.562 -1.001 -1.349 -1.391
0.000152 -2.00981 9.67117 1.0595134497 2.4845733643    1.023  1.916  3.7666  2.551    4  0.000  0.444     0.00     0.00     0.00     0.00     0.00 -1    -1e-30      0.00 7.398e-01 2.600e-01 2.314e-05 1.297e-05 6.962e-05 -1.000 1.604e-04 -0.019 0.488 0.589 0.114 -0.234 -0.575 -1.019 -1.372 -1.415
0.000152 -2.00981 9.67117 1.0596688986 2.4846017361    1.023  1.920  3.7644  2.538    4  0.000  0.444     0.00     0.00     0.00     0.00     0.00 -1    -1e-30      0.00 7.398e-01 2.600e-01 2.313e-05 1.297e-05 6.962e-05 -1.000 1.604e-04 -0.029 0.488 0.590 0.108 -0.244 -0.589 -1.038 -1.396 -1.440
0.000152 -2.00981 9.67117 1.0598218441 2.4846298695    1.024  1.924  3.7624  2.526    4  0.000  0.443     0.00     0.00     0.00     0.00     0.00 -1    -1e-30      0.00 7.398e-01 2.600e-01 2.313e-05 1.297e-05 6.962e-05 -1.000 1.605e-04 -0.039 0.487 0.591 0.102 -0.255 -0.603 -1.057 -1.420 -1.465
0.000152 -2.00981 9.67117 1.0599761009 2.4846580029    1.024  1.928  3.7605  2.514    4  0.000  0.443     0.00     0.00     0.00     0.00     0.00 -1    -1e-30      0.00 7.398e-01 2.600e-01 2.313e-05 1.298e-05 6.962e-05 -1.000 1.604e-04 -0.050 0.485 0.590 0.095 -0.266 -0.617 -1.077 -1.444 -1.491
0.000152 -2.00981 9.67117 1.0601346493 2.4846870899    1.024  1.934  3.7579  2.498    4  0.000  0.443     0.00     0.00     0.00     0.00     0.00 -1    -1e-30      0.00 7.398e-01 2.600e-01 2.313e-05 1.298e-05 6.962e-05 -1.000 1.605e-04 -0.065 0.484 0.589 0.085 -0.281 -0.637 -1.103 -1.476 -1.524
0.000152 -2.00981 9.67117 1.0602908134 2.4847157001    1.024  1.938  3.7569  2.490    4  0.000  0.443     0.00     0.00     0.00     0.00     0.00 -1    -1e-30      0.00 7.398e-01 2.600e-01 2.312e-05 1.299e-05 6.962e-05 -1.000 1.605e-04 -0.074 0.481 0.586 0.079 -0.289 -0.647 -1.116 -1.491 -1.540
0.000152 -2.00981 9.67117 1.0604475737 2.4847443104    1.024  1.949  3.7519  2.459    4  0.000  0.443     0.00     0.00     0.00     0.00     0.00 -1    -1e-30      0.00 7.398e-01 2.600e-01 2.312e-05 1.299e-05 6.962e-05 -1.000 1.604e-04 -0.104 0.479 0.583 0.059 -0.319 -0.686 -1.167 -1.553 -1.605
0.000152 -2.00981 9.67117 1.0606007576 2.4847724438    1.024  1.969  3.7452  2.412    4  0.000  0.443     0.00     0.00     0.00     0.00     0.00 -1    -1e-30      0.00 7.398e-01 2.600e-01 2.312e-05 1.300e-05 6.962e-05 -1.000 1.604e-04 -0.153 0.471 0.571 0.024 -0.367 -0.746 -1.245 -1.645 -1.701
0.000152 -2.00981 9.67117 1.0607205629 2.4847941399    1.025  1.999  3.7372  2.351    4  0.000  0.443     0.00     0.00     0.00     0.00     0.00 -1    -1e-30      0.00 7.398e-01 2.601e-01 2.311e-05 1.300e-05 6.962e-05 -1.000 1.605e-04 -0.227 0.453 0.541 -0.034 -0.441 -0.834 -1.353 -1.770 -1.831
0.000152 -2.00981 9.67117 1.0607725382 2.4848036766    1.025  2.031  3.7307  2.292    4  0.000  0.443     0.00     0.00     0.00     0.00     0.00 -1    -1e-30      0.00 7.398e-01 2.601e-01 2.311e-05 1.300e-05 6.962e-05 -1.000 1.604e-04 -0.307 0.427 0.499 -0.101 -0.521 -0.925 -1.462 -1.893 -1.958
0.000152 -2.00981 9.67117 1.0607907772 2.4848070145    1.025  2.062  3.7258  2.242    4  0.000  0.443     0.00     0.00     0.00     0.00     0.00 -1    -1e-30      0.00 7.398e-01 2.601e-01 2.311e-05 1.300e-05 6.962e-05 -1.000 1.605e-04 -0.385 0.394 0.451 -0.168 -0.598 -1.011 -1.561 -2.002 -2.069
0.000152 -2.00981 9.67117 1.0607975721 2.4848082066    1.025  2.089  3.7225  2.202    4  0.000  0.443     0.00     0.00     0.00     0.00     0.00 -1    -1e-30      0.00 7.398e-01 2.601e-01 2.311e-05 1.300e-05 6.962e-05 -1.000 1.605e-04 -0.451 0.359 0.406 -0.227 -0.664 -1.082 -1.640 -2.089 -2.158
0.000152 -2.00981 9.67117 1.0607979298 2.4848084450    1.025  2.091  3.7223  2.198    7  0.000  0.443     0.00     0.00     0.00     0.00     0.00 -1    -1e-30      0.00 7.398e-01 2.601e-01 2.311e-05 1.300e-05 6.962e-05 -1.000 1.604e-04 -0.458 0.355 0.400 -0.233 -0.670 -1.089 -1.649 -2.098 -2.167
0.000152 -2.00981 9.67117 1.0608009100 2.4848089218    1.025  2.125  3.7195  2.154    7  0.000  0.443     0.00     0.00     0.00     0.00     0.00 -1    -1e-30      0.00 7.398e-01 2.601e-01 2.311e-05 1.300e-05 6.962e-05 -1.000 1.604e-04 -0.541 0.300 0.335 -0.310 -0.753 -1.176 -1.743 -2.199 -2.270
0.000152 -2.00981 9.67117 1.0608041286 2.4848093987    1.025  2.165  3.7165  2.101    7  0.000  0.443     0.00     0.00     0.00     0.00     0.00 -1    -1e-30      0.00 7.398e-01 2.601e-01 2.311e-05 1.300e-05 6.962e-05 -1.000 1.605e-04 -0.643 0.231 0.253 -0.404 -0.854 -1.283 -1.858 -2.320 -2.393
0.000152 -2.00981 9.67117 1.0608072281 2.4848101139    1.025  2.202  3.7141  2.055    7  0.000  0.443     0.00     0.00     0.00     0.00     0.00 -1    -1e-30      0.00 7.398e-01 2.601e-01 2.311e-05 1.300e-05 6.962e-05 -1.000 1.604e-04 -0.735 0.167 0.178 -0.490 -0.944 -1.378 -1.960 -2.427 -2.501
0.000152 -2.00981 9.67117 1.0608155727 2.4848115444    1.025  2.223  3.7130  2.030    7  0.000  0.443     0.00     0.00     0.00     0.00     0.00 -1    -1e-30      0.00 7.398e-01 2.601e-01 2.311e-05 1.300e-05 6.962e-05 -1.000 1.604e-04 -0.787 0.128 0.133 -0.539 -0.996 -1.432 -2.017 -2.487 -2.562
0.000152 -2.00981 9.67117 1.0608751774 2.4848225117    1.025  2.209  3.7138  2.047    7  0.000  0.443     0.00     0.00     0.00     0.00     0.00 -1    -1e-30      0.00 7.398e-01 2.601e-01 2.311e-05 1.300e-05 6.962e-05 -1.000 1.604e-04 -0.751 0.155 0.164 -0.505 -0.960 -1.394 -1.977 -2.446 -2.520
0.000152 -2.00981 9.67117 1.0609384775 2.4848339558    1.025  2.241  3.7115  2.006    7  0.000  0.443     0.00     0.00     0.00     0.00     0.00 -1    -1e-30      0.00 7.398e-01 2.601e-01 2.311e-05 1.300e-05 6.962e-05 -1.000 1.604e-04 -0.833 0.098 0.098 -0.581 -1.041 -1.479 -2.069 -2.542 -2.618
0.000152 -2.00981 9.67117 1.0609843731 2.4848425388    1.025  2.282  3.7089  1.954    7  0.000  0.443     0.00     0.00     0.00     0.00     0.00 -1    -1e-30      0.00 7.398e-01 2.601e-01 2.311e-05 1.301e-05 6.962e-05 -1.000 1.605e-04 -0.936 0.030 0.015 -0.677 -1.142 -1.586 -2.182 -2.662 -2.739
0.000152 -2.00981 9.67117 1.0610151291 2.4848480225    1.025  2.315  3.7070  1.914    7  0.000  0.443     0.00     0.00     0.00     0.00     0.00 -1    -1e-30      0.00 7.398e-01 2.601e-01 2.311e-05 1.301e-05 6.962e-05 -1.000 1.605e-04 -1.016 -0.023 -0.051 -0.752 -1.222 -1.669 -2.272 -2.755 -2.833
0.000152 -2.00981 9.67117 1.0610616207 2.4848566055    1.025  2.360  3.7043  1.858    7  0.000  0.443     0.00     0.00     0.00     0.00     0.00 -1    -1e-30      0.00 7.398e-01 2.601e-01 2.311e-05 1.301e-05 6.962e-05 -1.000 1.605e-04 -1.131 -0.099 -0.144 -0.859 -1.335 -1.787 -2.397 -2.887 -2.967
0.000152 -2.00981 9.67117 1.0611015558 2.4848637581    1.025  2.400  3.7021  1.809    7  0.000  0.443     0.00     0.00     0.00     0.00     0.00 -1    -1e-30      0.00 7.398e-01 2.601e-01 2.311e-05 1.301e-05 6.962e-05 -1.000 1.604e-04 -1.230 -0.166 -0.225 -0.951 -1.433 -1.889 -2.506 -3.001 -3.082
0.000152 -2.00981 9.67117 1.0611380339 2.4848704338    1.025  2.440  3.6999  1.761    7  0.000  0.443     0.00     0.00     0.00     0.00     0.00 -1    -1e-30      0.00 7.398e-01 2.601e-01 2.310e-05 1.301e-05 6.962e-05 -1.000 1.605e-04 -1.329 -0.233 -0.307 -1.044 -1.531 -1.991 -2.615 -3.115 -3.197
0.000152 -2.00981 9.67117 1.0611717701 2.4848766327    1.025  2.480  3.6978  1.712    7  0.000  0.442     0.00     0.00     0.00     0.00     0.00 -1    -1e-30      0.00 7.398e-01 2.601e-01 2.308e-05 1.302e-05 6.962e-05 -1.000 1.604e-04 -1.429 -0.299 -0.389 -1.137 -1.629 -2.094 -2.724 -3.230 -3.313
0.000152 -2.00981 9.67117 1.0612026453 2.4848823547    1.025  2.520  3.6956  1.663    7  0.000  0.441     5.22     4.24     3.06     2.34     1.89  4    -1e-30      0.00 7.398e-01 2.601e-01 2.301e-05 1.306e-05 6.962e-05 -1.000 1.603e-04 -1.531 -0.365 -0.471 -1.231 -1.729 -2.198 -2.835 -3.346 -3.430
0.000152 -2.00981 9.67117 1.0612307787 2.4848873615    1.025  2.561  3.6934  1.613    7  0.000  0.436     5.79     4.64     3.34     2.55     2.06  4    -1e-30      0.00 7.397e-01 2.601e-01 2.279e-05 1.326e-05 6.962e-05 -1.000 1.604e-04 -1.633 -0.431 -0.553 -1.325 -1.829 -2.302 -2.945 -3.463 -3.548
0.000152 -2.00981 9.67117 1.0612558126 2.4848921299    1.025  2.602  3.6912  1.564    7  0.000  0.428     6.41     5.07     3.63     2.78     2.25  4    -1e-30      0.00 7.397e-01 2.601e-01 2.242e-05 1.368e-05 6.963e-05 -1.000 1.605e-04 -1.734 -0.497 -0.635 -1.419 -1.928 -2.405 -3.056 -3.578 -3.665
0.000152 -2.00981 9.67117 1.0612783432 2.4848961830    1.025  2.642  3.6890  1.515    7  0.000  0.420     7.10     5.54     3.95     3.03     2.45  4    -1e-30      0.00 7.397e-01 2.602e-01 2.200e-05 1.419e-05 6.963e-05 -1.000 1.604e-04 -1.835 -0.560 -0.714 -1.512 -2.026 -2.508 -3.165 -3.694 -3.781
0.000152 -2.00981 9.67117 1.0612990856 2.4848999977    1.025  2.682  3.6868  1.466    7  0.000  0.413     7.86     6.05     4.30     3.30     2.67  4    -1e-30      0.00 7.396e-01 2.603e-01 2.162e-05 1.466e-05 6.963e-05 -1.000 1.604e-04 -1.935 -0.620 -0.792 -1.603 -2.123 -2.610 -3.274 -3.808 -3.897
0.000152 -2.00981 9.67117 1.0613186359 2.4849035740    1.025  2.722  3.6846  1.417    7  0.000  0.406     8.70     6.61     4.68     3.59     2.91  3    -1e-30      0.00 7.394e-01 2.604e-01 2.130e-05 1.506e-05 6.963e-05 -1.000 1.605e-04 -2.035 -0.665 -0.866 -1.694 -2.221 -2.712 -3.384 -3.924 -4.013
0.000152 -2.00981 9.67117 1.0613374710 2.4849069118    1.025  2.762  3.6824  1.368    7  0.000  0.401     9.64     7.22     5.10     3.92     3.18  3    -1e-30      0.00 7.394e-01 2.605e-01 2.101e-05 1.542e-05 6.963e-05 -1.000 1.605e-04 -2.136 -0.695 -0.934 -1.787 -2.321 -2.817 -3.496 -4.042 -4.130
0.000152 -2.00981 9.67117 1.0613552332 2.4849102497    1.025  2.803  3.6801  1.319    7  0.000  0.396    10.69     7.90     5.55     4.27     3.47  3    -1e-30      0.00 7.393e-01 2.606e-01 2.075e-05 1.573e-05 6.961e-05 -1.000 1.604e-04 -2.237 -0.719 -0.999 -1.878 -2.422 -2.923 -3.609 -4.160 -4.248
0.000152 -2.00981 9.67117 1.0613713264 2.4849131107    1.025  2.842  3.6779  1.270    7  0.000  0.392    11.82     8.62     6.03     4.65     3.77  3    -1e-30      0.00 7.392e-01 2.607e-01 2.053e-05 1.601e-05 6.958e-05 -1.000 1.605e-04 -2.335 -0.734 -1.059 -1.965 -2.518 -3.025 -3.718 -4.275 -4.362
0.000152 -2.00981 9.67117 1.0613873005 2.4849159718    1.025  2.882  3.6756  1.221    7  0.000  0.389    13.09     9.42     6.57     5.07     4.11  3    -1e-30      0.00 7.390e-01 2.608e-01 2.034e-05 1.627e-05 6.952e-05 -1.000 1.604e-04 -2.435 -0.742 -1.116 -2.053 -2.616 -3.129 -3.829 -4.392 -4.479
0.000152 -2.00981 9.67117 1.0614031553 2.4849188328    1.025  2.922  3.6733  1.172    7  0.000  0.386    14.52    10.31     7.15     5.53     4.49  3    -1e-30      0.00 7.389e-01 2.610e-01 2.017e-05 1.652e-05 6.942e-05 -1.000 1.604e-04 -2.536 -0.742 -1.170 -2.140 -2.715 -3.234 -3.942 -4.510 -4.598
0.000152 -2.00981 9.67117 1.0614180565 2.4849216938    1.025  2.963  3.6708  1.121    7  0.000  0.384    16.14    11.30     7.81     6.05     4.91  3    -1e-30      0.00 7.387e-01 2.611e-01 2.002e-05 1.679e-05 6.928e-05 -1.000 1.604e-04 -2.639 -0.733 -1.220 -2.228 -2.815 -3.341 -4.058 -4.632 -4.719
0.000152 -2.00981 9.67117 1.0614310503 2.4849240780    1.025  3.005  3.6683  1.069    7  0.000  0.383    17.99    12.41     8.54     6.62     5.38  2    -1e-30      0.00 7.386e-01 2.612e-01 1.990e-05 1.709e-05 6.910e-05 -1.000 1.604e-04 -2.743 -0.714 -1.267 -2.315 -2.916 -3.450 -4.175 -4.756 -4.842
0.000152 -2.00981 9.67117 1.0614414215 2.4849259853    1.025  3.046  3.6658  1.018    7  0.000  0.382    20.00    13.61     9.33     7.24     5.88  2    -1e-30      0.00 7.385e-01 2.613e-01 1.980e-05 1.739e-05 6.889e-05 -1.000 1.604e-04 -2.846 -0.684 -1.308 -2.398 -3.014 -3.556 -4.290 -4.878 -4.963
0.000152 -2.00981 9.67117 1.0614535809 2.4849281311    1.025  3.098  3.6626  0.954    7  0.000  0.382    22.86    15.28    10.42     8.10     6.58  2    -1e-30      0.00 7.384e-01 2.615e-01 1.970e-05 1.773e-05 6.864e-05 -1.000 1.605e-04 -2.974 -0.623 -1.345 -2.497 -3.136 -3.690 -4.436 -5.031 -5.115
0.000152 -2.00981 9.67117 1.0614622831 2.4849298000    1.025  3.142  3.6598  0.898    7  0.000  0.381    25.66    16.89    11.47     8.93     7.26  2    -1e-30      0.00 7.382e-01 2.616e-01 1.962e-05 1.800e-05 6.843e-05 -1.000 1.603e-04 -3.085 -0.551 -1.366 -2.579 -3.239 -3.805 -4.562 -5.164 -5.247
0.000152 -2.00981 9.67117 1.0614703894 2.4849312305    1.025  3.195  3.6563  0.831    7  0.000  0.381    29.53    19.08    12.89    10.05     8.17  2    -1e-30      0.00 7.381e-01 2.617e-01 1.957e-05 1.822e-05 6.827e-05 -1.000 1.409e-04 -3.219 -0.488 -1.398 -2.675 -3.360 -3.940 -4.712 -5.323 -5.407
0.000152 -2.00981 9.67117 1.0614714622 2.4849314690    1.025  3.196  3.6563  0.830    7  0.000  0.381    29.56    19.10    12.90    10.06     8.18  2    -1e-30      0.00 7.381e-01 2.617e-01 1.957e-05 1.824e-05 6.825e-05 -1.000 1.605e-04 -3.220 -0.487 -1.398 -2.675 -3.361 -3.941 -4.713 -5.324 -5.408
0.000152 -2.00981 9.67117 1.0614721775 2.4849314690    1.025  3.213  3.6552  0.809    7  0.000  0.381    30.92    19.86    13.39    10.45     8.49  2    -1e-30      0.00 7.381e-01 2.618e-01 1.955e-05 1.829e-05 6.821e-05 -1.000 1.604e-04 -3.262 -0.480 -1.414 -2.707 -3.399 -3.983 -4.760 -5.375 -5.459
0.000152 -2.00981 9.67117 1.0614726543 2.4849317074    1.025  3.232  3.6539  0.784    7  0.000  0.381    32.52    20.75    13.96    10.90     8.86  2    -1e-30      0.00 7.380e-01 2.618e-01 1.952e-05 1.844e-05 6.809e-05 -1.000 1.603e-04 -3.310 -0.471 -1.431 -2.741 -3.442 -4.031 -4.813 -5.431 -5.516
0.000152 -2.00981 9.67117 1.0614734888 2.4849317074    1.025  3.262  3.6518  0.746    7  0.540  0.381    35.21    22.23    14.91    11.65     9.48  2    -1e-30      0.00 7.379e-01 2.620e-01 1.945e-05 1.870e-05 6.788e-05 -1.000 1.604e-04 -3.385 -0.455 -1.456 -2.795 -3.508 -4.105 -4.896 -5.520 -5.605
0.000152 -2.00981 9.67117 1.0614742041 2.4849319458    1.025  3.283  3.6504  0.720    7  0.538  0.381    37.22    23.33    15.61    12.21     9.93  2    -1e-30      0.00 7.377e-01 2.621e-01 1.940e-05 1.890e-05 6.772e-05 -1.000 1.604e-04 -3.437 -0.443 -1.473 -2.832 -3.554 -4.157 -4.954 -5.582 -5.668
0.000152 -2.00981 9.67117 1.0614744425 2.4849319458    1.025  3.289  3.6500  0.711    7  0.538  0.381    37.86    23.68    15.84    12.39    10.08  2    -1e-30      0.00 7.377e-01 2.622e-01 1.938e-05 1.898e-05 6.766e-05 -1.000 1.605e-04 -3.453 -0.439 -1.478 -2.844 -3.569 -4.173 -4.972 -5.601 -5.687
0.000152 -2.00981 9.67117 1.0614745617 2.4849319458    1.025  3.289  3.6477  0.702    8  0.538  0.401    38.57    24.06    16.08    12.58    10.24  2 -3.26e-07      0.00 7.377e-01 2.621e-01 2.049e-05 1.899e-05 6.805e-05 -1.000 1.724e-04 -3.453 -0.370 -1.438 -2.824 -3.558 -4.169 -4.978 -5.615 -5.702
0.000152 -2.00981 9.67117 1.0614748001 2.4849319458    1.024  3.127  3.6587  0.908    8  0.538  0.401    25.12    16.58    11.27     8.77     7.13  2 -1.75e-07      0.00 7.377e-01 2.621e-01 2.049e-05 1.899e-05 6.805e-05 -1.000 1.724e-04 -3.048 -0.468 -1.305 -2.533 -3.199 -3.767 -4.529 -5.134 -5.217
0.000152 -2.00981 9.67117 1.0614750385 2.4849319458    1.022  3.005  3.6667  1.061    8  0.538  0.401    18.24    12.57     8.65     6.70     5.44  2 -1.13e-07      0.00 7.377e-01 2.621e-01 2.049e-05 1.899e-05 6.805e-05 -1.000 1.725e-04 -2.743 -0.643 -1.233 -2.303 -2.913 -3.451 -4.182 -4.767 -4.852
0.000152 -2.00981 9.67117 1.0614756346 2.4849321842    1.019  2.764  3.6825  1.364    8  0.538  0.401     9.71     7.27     5.13     3.94     3.20  3 -5.23e-08      0.00 7.377e-01 2.621e-01 2.049e-05 1.899e-05 6.805e-05 -1.000 1.724e-04 -2.141 -0.703 -0.941 -1.793 -2.327 -2.823 -3.501 -4.046 -4.135
0.000152 -2.00981 9.67117 1.0614763498 2.4849321842    1.013  2.770  3.6819  1.353    8  0.538  0.401     9.91     7.40     5.21     4.01     3.25  3 -5.33e-08      0.00 7.377e-01 2.621e-01 2.049e-05 1.899e-05 6.805e-05 -1.000 1.724e-04 -2.155 -0.697 -0.945 -1.804 -2.341 -2.838 -3.519 -4.065 -4.154
0.000152 -2.00981 9.67117 1.0614774227 2.4849324226    1.007  2.832  3.6774  1.270    8  0.538  0.401    11.75     8.58     6.00     4.63     3.76  3 -6.49e-08      0.00 7.377e-01 2.621e-01 2.049e-05 1.899e-05 6.805e-05 -1.000 1.724e-04 -2.311 -0.694 -1.027 -1.939 -2.494 -3.002 -3.696 -4.254 -4.342
0.000152 -2.00981 9.67117 1.0614787340 2.4849326611    0.999  2.998  3.6660  1.056    8  0.539  0.401    18.32    12.61     8.67     6.73     5.46  2 -1.12e-07      0.00 7.377e-01 2.621e-01 2.049e-05 1.899e-05 6.805e-05 -1.000 1.724e-04 -2.724 -0.592 -1.198 -2.279 -2.892 -3.433 -4.166 -4.753 -4.838
0.000152 -2.00981 9.67117 1.0614802837 2.4849328995    0.989  3.155  3.6551  0.850    8  0.539  0.401    28.07    18.25    12.34     9.63     7.83  2 -2.01e-07      0.00 7.377e-01 2.621e-01 2.049e-05 1.899e-05 6.805e-05 -1.000 1.724e-04 -3.118 -0.370 -1.286 -2.568 -3.256 -3.837 -4.615 -5.230 -5.314
0.000152 -2.00981 9.67117 1.0614820719 2.4849333763    0.978  3.264  3.6473  0.706    8  0.539  0.401    37.84    23.63    15.79    12.37    10.06  1  -3.1e-07      0.00 7.377e-01 2.621e-01 2.049e-05 1.899e-05 6.805e-05 -1.000 1.724e-04 -3.390 -0.297 -1.369 -2.758 -3.493 -4.104 -4.916 -5.553 -5.641
0.000152 -2.00981 9.67117 1.0614839792 2.4849336147    0.966  3.325  3.6426  0.621    8  0.540  0.401    45.07    27.47    18.23    14.32    11.65  1 -4.03e-07      0.00 7.377e-01 2.621e-01 2.049e-05 1.899e-05 6.805e-05 -1.000 1.723e-04 -3.542 -0.238 -1.404 -2.857 -3.622 -4.252 -5.085 -5.737 -5.827
0.000152 -2.00981 9.67117 1.0614862442 2.4849340916    0.952  3.356  3.6399  0.572    8  0.540  0.401    49.73    29.89    19.75    15.55    12.65  1 -4.67e-07      0.00 7.377e-01 2.621e-01 2.049e-05 1.899e-05 6.805e-05 -1.000 1.724e-04 -3.621 -0.187 -1.410 -2.903 -3.686 -4.328 -5.174 -5.834 -5.925
0.000152 -2.00981 9.67117 1.0614887476 2.4849345684    0.938  3.376  3.6378  0.538    8  0.541  0.401    53.26    31.69    20.87    16.45    13.38  1 -5.17e-07      0.00 7.377e-01 2.622e-01 2.049e-05 1.899e-05 6.805e-05 -1.000 1.723e-04 -3.670 -0.139 -1.404 -2.925 -3.723 -4.373 -5.229 -5.897 -5.988
0.000152 -2.00981 9.67117 1.0614888668 2.4849345684    0.936  3.274  3.6445  0.666    8  0.541  0.401    40.70    25.12    16.72    13.14    10.68  1 -3.38e-07      0.00 7.377e-01 2.622e-01 2.049e-05 1.899e-05 6.805e-05 -1.000 1.723e-04 -3.414 -0.207 -1.330 -2.753 -3.504 -4.126 -4.950 -5.596 -5.685
0.000152 -2.00981 9.67117 1.0614894629 2.4849345684    0.931  3.103  3.6557  0.879    8  0.541  0.401    25.99    17.06    11.55     9.03     7.33  2 -1.74e-07      0.00 7.377e-01 2.622e-01 2.049e-05 1.899e-05 6.805e-05 -1.000 1.723e-04 -2.987 -0.282 -1.177 -2.445 -3.127 -3.705 -4.480 -5.094 -5.178
0.000152 -2.00981 9.67117 1.0614902973 2.4849348068    0.923  2.862  3.6715  1.179    8  0.541  0.401    13.82     9.90     6.87     5.32     4.32  3 -7.58e-08      0.00 7.377e-01 2.622e-01 2.049e-05 1.899e-05 6.805e-05 -1.000 1.723e-04 -2.386 -0.530 -0.989 -1.981 -2.563 -3.086 -3.800 -4.372 -4.460
0.000152 -2.00981 9.67117 1.0614914894 2.4849350452    0.912  2.868  3.6708  1.165    8  0.542  0.401    14.17    10.11     7.01     5.44     4.41  3  -7.8e-08      0.00 7.377e-01 2.622e-01 2.049e-05 1.899e-05 6.805e-05 -1.000 1.723e-04 -2.400 -0.511 -0.987 -1.990 -2.576 -3.101 -3.817 -4.392 -4.479
0.000152 -2.00981 9.67117 1.0614930391 2.4849352837    0.897  2.930  3.6662  1.078    8  0.542  0.401    16.93    11.79     8.11     6.31     5.12  2 -9.74e-08      0.00 7.377e-01 2.622e-01 2.049e-05 1.899e-05 6.805e-05 -1.000 1.723e-04 -2.554 -0.441 -1.036 -2.112 -2.723 -3.262 -3.994 -4.581 -4.667
0.000152 -2.00981 9.67117 1.0614948273 2.4849357605    0.880  3.090  3.6548  0.864    8  0.543  0.401    26.43    17.28    11.68     9.15     7.43  2 -1.77e-07      0.00 7.377e-01 2.622e-01 2.049e-05 1.899e-05 6.805e-05 -1.000 1.724e-04 -2.955 -0.212 -1.125 -2.404 -3.092 -3.673 -4.451 -5.068 -5.153
0.000152 -2.00981 9.67117 1.0614970922 2.4849359989    0.860  3.242  3.6439  0.658    8  0.544  0.401    40.56    24.95    16.58    13.06    10.61  1  -3.3e-07      0.00 7.377e-01 2.622e-01 2.049e-05 1.899e-05 6.805e-05 -1.000 1.724e-04 -3.336 -0.102 -1.237 -2.668 -3.423 -4.047 -4.874 -5.522 -5.611
0.000152 -2.00981 9.67117 1.0614997149 2.4849364758    0.838  3.346  3.6361  0.511    8  0.544  0.401    54.89    32.27    21.19    16.78    13.64  1 -5.29e-07      0.00 7.377e-01 2.622e-01 2.049e-05 1.899e-05 6.805e-05 -1.000 1.724e-04 -3.595 0.013 -1.285 -2.829 -3.638 -4.295 -5.160 -5.833 -5.926
0.000152 -2.00981 9.67117 1.0615025759 2.4849369526    0.813  3.403  3.6315  0.423    8  0.545  0.401    65.81    37.60    24.50    19.46    15.82  1 -7.11e-07      0.00 7.377e-01 2.622e-01 2.049e-05 1.899e-05 6.805e-05 -1.000 1.723e-04 -3.739 0.102 -1.287 -2.904 -3.750 -4.431 -5.320 -6.007 -6.102
0.000152 -2.00981 9.67117 1.0615059137 2.4849376678    0.786  3.432  3.6290  0.369    8  0.546  0.401    73.22    41.05    26.62    21.20    17.24  1 -8.51e-07      0.00 7.377e-01 2.622e-01 2.049e-05 1.899e-05 6.805e-05 -1.000 1.724e-04 -3.810 0.166 -1.274 -2.933 -3.803 -4.497 -5.401 -6.096 -6.192
0.000152 -2.00981 9.67117 1.0615094900 2.4849383831    0.757  3.449  3.6273  0.330    8  0.547  0.401    79.13    43.69    28.23    22.54    18.32  1 -9.77e-07      0.00 7.377e-01 2.622e-01 2.049e-05 1.900e-05 6.805e-05 -1.000 1.724e-04 -3.852 0.217 -1.257 -2.945 -3.831 -4.535 -5.449 -6.149 -6.247
0.000152 -2.00981 9.67117 1.0615241528 2.4849410057    0.552 -9.999  4.0000  1.717    9  0.552  0.000     0.00     0.00     0.00     0.00     0.00 -1    -1e-30      0.00 7.377e-01 2.622e-01 2.049e-05 1.900e-05 6.805e-05 -1.000 1.724e-04 29.767 29.825 30.067 30.109 30.095 30.082 30.114 30.105 30.118
#isochrone terminated
