# File generated by CMD 3.6 (http://stev.oapd.inaf.it/cmd) on Sat Dec 11 22:13:26 CET 2021
# isochrones based on PARSEC release v1.2S +  COLIBRI S_37 + S_35 + PR16
# Basic references: Bressan et al. (2012), MNRAS, 427, 127 + Chen et al. (2014, 2015), MNRAS, 444, 2525 + MNRAS, 452, 1068 + Tang et al. (2014), MNRAS, 445, 4287 + Marigo et al. (2017), ApJ, 835, 77 + Pastorelli al. (2019), MNRAS, 485, 5666 + Pastorelli al. (2020), MNRAS, in press
# Thermal pulse cycles included 
# On RGB, assumed Reimers mass loss with efficiency eta=0.2
# LPV periods and growth rates added cf. Trabucchi et al. (2019)
# but fundamental-mode LPV periods are from Trabucchi et al. (2021)
# Photometric system: <i>UBVRIJHK</i> (cf. Maiz-Apellaniz 2006 + Bessell 1990)
# Using YBC version of bolometric corrections as in Chen et al. (2019)
# O-rich circumstellar dpmod60alox40 dust from Groenewegen (2006)
# C-rich circumstellar AMCSIC15 dust from Groenewegen (2006)
# IMF: Kroupa (2001, 2002) + Kroupa et al. (2013) canonical two-part-power law IMF corrected for unresolved binaries 
# Kind of output: isochrone tables
Zini     MH   logAge Mini        int_IMF         Mass   logL    logTe  logg  label   McoreTP C_O  period0  period1  period2  period3  period4  pmode  Mloss  tau1m   X   Y   Xc  Xn  Xo  Cexcess  Z 	 mbolmag  Umag    Bmag    Vmag    Rmag    Imag    Jmag    Hmag    Kmag
0.0152 0.01508 9.67117 0.0900000036 1.0816895962    0.090 -3.424  3.3623  5.217    1  0.000  0.545     0.00     0.00     0.00     0.00     0.00 -1 -3.89e-17      0.00 7.086e-01 2.761e-01 2.746e-03 7.408e-04 6.719e-03 -1.000 1.527e-02 13.330 22.606 19.983 18.146 15.992 13.742 11.239 10.624 10.335
0.0152 0.01508 9.67117 0.1000000015 1.1711064577    0.100 -3.241  3.3881  5.184    1  0.000  0.545     0.00     0.00     0.00     0.00     0.00 -1 -5.84e-17      0.00 7.085e-01 2.762e-01 2.746e-03 7.408e-04 6.719e-03 -1.000 1.527e-02 12.874 22.087 19.499 17.672 15.530 13.286 10.784 10.170 9.877
0.0152 0.01508 9.67117 0.1200000122 1.3193155527    0.120 -2.977  3.4229  5.138    1  0.000  0.545     0.00     0.00     0.00     0.00     0.00 -1 -1.03e-16      0.00 7.081e-01 2.767e-01 2.746e-03 7.408e-04 6.719e-03 -1.000 1.527e-02 12.212 21.027 18.586 16.791 14.735 12.546 10.138 9.524 9.226
0.0152 0.01508 9.67117 0.1346206069 1.4086906910    0.135 -2.840  3.4380  5.111    1  0.000  0.545     0.00     0.00     0.00     0.00     0.00 -1 -1.38e-16      0.00 7.078e-01 2.769e-01 2.746e-03 7.408e-04 6.719e-03 -1.000 1.527e-02 11.870 19.847 17.665 15.935 14.062 12.002 9.831 9.216 8.916
0.0152 0.01508 9.67117 0.1400000006 1.4384527206    0.140 -2.793  3.4432  5.102    1  0.000  0.545     0.00     0.00     0.00     0.00     0.00 -1 -1.52e-16      0.00 7.077e-01 2.770e-01 2.746e-03 7.408e-04 6.719e-03 -1.000 1.527e-02 11.754 19.476 17.367 15.660 13.842 11.825 9.726 9.111 8.811
0.0152 0.01508 9.67117 0.1599999964 1.5372931957    0.160 -2.652  3.4567  5.073    1  0.000  0.545     0.00     0.00     0.00     0.00     0.00 -1 -2.03e-16      0.00 7.074e-01 2.773e-01 2.746e-03 7.408e-04 6.719e-03 -1.000 1.527e-02 11.401 18.471 16.549 14.890 13.219 11.321 9.407 8.789 8.492
0.0152 0.01508 9.67117 0.2000000030 1.6938791275    0.200 -2.436  3.4755  5.029    1  0.000  0.545     0.00     0.00     0.00     0.00     0.00 -1 -3.15e-16      0.00 7.068e-01 2.779e-01 2.746e-03 7.408e-04 6.719e-03 -1.000 1.527e-02 10.860 17.138 15.431 13.830 12.341 10.610 8.911 8.291 8.003
0.0152 0.01508 9.67117 0.2500000000 1.8403258324    0.250 -2.230  3.4919  4.985    1  0.000  0.545     0.00     0.00     0.00     0.00     0.00 -1 -4.76e-16      0.00 7.062e-01 2.785e-01 2.746e-03 7.408e-04 6.719e-03 -1.000 1.527e-02 10.344 16.032 14.472 12.906 11.550 9.974 8.437 7.815 7.537
0.0152 0.01508 9.67117 0.3000000119 1.9529139996    0.300 -2.068  3.5027  4.946    1  0.000  0.545     0.00     0.00     0.00     0.00     0.00 -1 -5.17e-16      0.00 7.060e-01 2.788e-01 2.746e-03 7.408e-04 6.719e-03 -1.000 1.527e-02 9.941 15.302 13.820 12.287 11.004 9.511 8.058 7.434 7.165
0.0152 0.01508 9.67117 0.3500000238 2.0434176922    0.350 -1.913  3.5113  4.892    1  0.000  0.545     0.00     0.00     0.00     0.00     0.00 -1  -9.3e-16      0.00 7.090e-01 2.757e-01 2.746e-03 7.408e-04 6.719e-03 -1.000 1.527e-02 9.552 14.670 13.245 11.741 10.511 9.081 7.689 7.060 6.799
0.0152 0.01508 9.67117 0.3858789504 2.0985877514    0.386 -1.808  3.5194  4.862    1  0.000  0.545     0.00     0.00     0.00     0.00     0.00 -1 -1.17e-15      0.00 7.091e-01 2.756e-01 2.746e-03 7.408e-04 6.719e-03 -1.000 1.527e-02 9.291 14.215 12.827 11.343 10.156 8.785 7.447 6.814 6.559
0.0152 0.01508 9.67117 0.4000000358 2.1185026169    0.400 -1.770  3.5224  4.851    1  0.000  0.545     0.00     0.00     0.00     0.00     0.00 -1 -1.27e-15      0.00 7.091e-01 2.756e-01 2.746e-03 7.408e-04 6.719e-03 -1.000 1.527e-02 9.194 14.055 12.677 11.200 10.028 8.677 7.358 6.723 6.471
0.0152 0.01508 9.67117 0.4463585019 2.1779532433    0.446 -1.631  3.5336  4.805    1  0.000  0.545     0.00     0.00     0.00     0.00     0.00 -1 -1.74e-15      0.00 7.092e-01 2.755e-01 2.746e-03 7.408e-04 6.719e-03 -1.000 1.527e-02 8.847 13.491 12.141 10.691 9.569 8.292 7.039 6.395 6.152
0.0152 0.01508 9.67117 0.4500000477 2.1822810173    0.450 -1.620  3.5345  4.801    1  0.000  0.545     0.00     0.00     0.00     0.00     0.00 -1 -1.79e-15      0.00 7.092e-01 2.755e-01 2.746e-03 7.408e-04 6.719e-03 -1.000 1.527e-02 8.821 13.450 12.102 10.654 9.536 8.264 7.015 6.371 6.128
0.0152 0.01508 9.67117 0.4526444077 2.1853952408    0.452 -1.612  3.5353  4.799    1  0.000  0.545     0.00     0.00     0.00     0.00     0.00 -1 -1.82e-15      0.00 7.092e-01 2.755e-01 2.746e-03 7.408e-04 6.719e-03 -1.000 1.527e-02 8.800 13.415 12.068 10.621 9.507 8.240 6.996 6.350 6.109
0.0152 0.01508 9.67117 0.5000000000 2.2374541759    0.500 -1.465  3.5493  4.751    1  0.000  0.545     0.00     0.00     0.00     0.00     0.00 -1 -2.57e-15      0.00 7.092e-01 2.755e-01 2.746e-03 7.408e-04 6.719e-03 -1.000 1.527e-02 8.432 12.832 11.495 10.074 9.012 7.833 6.664 6.008 5.777
0.0152 0.01508 9.67117 0.5500000119 2.2836582661    0.550 -1.298  3.5685  4.702    1  0.000  0.545     0.00     0.00     0.00     0.00     0.00 -1 -3.81e-15      0.00 7.202e-01 2.651e-01 2.648e-03 7.146e-04 6.482e-03 -1.000 1.475e-02 8.014 12.176 10.824 9.422 8.420 7.373 6.298 5.628 5.415
0.0152 0.01508 9.67117 0.6000000238 2.3211214542    0.600 -1.131  3.5922  4.668    1  0.000  0.545     0.00     0.00     0.00     0.00     0.00 -1 -5.56e-15      0.00 7.218e-01 2.635e-01 2.634e-03 7.109e-04 6.449e-03 -1.000 1.472e-02 7.598 11.508 10.126 8.754 7.810 6.922 5.945 5.257 5.075
0.0152 0.01508 9.67117 0.6042311788 2.3239660263    0.604 -1.116  3.5947  4.666    1  0.000  0.545     0.00     0.00     0.00     0.00     0.00 -1 -5.74e-15      0.00 7.219e-01 2.634e-01 2.633e-03 7.106e-04 6.446e-03 -1.000 1.472e-02 7.561 11.447 10.061 8.694 7.756 6.882 5.914 5.224 5.046
0.0152 0.01508 9.67117 0.6499999762 2.3520355225    0.650 -0.963  3.6207  4.648    1  0.000  0.545     0.00     0.00     0.00     0.00     0.00 -1 -8.04e-15      0.00 7.234e-01 2.620e-01 2.622e-03 7.075e-04 6.418e-03 -1.000 1.462e-02 7.177 10.800 9.378 8.081 7.205 6.475 5.590 4.899 4.761
0.0152 0.01508 9.67117 0.6871294379 2.3716754913    0.687 -0.842  3.6426  4.639    1  0.000  0.545     0.00     0.00     0.00     0.00     0.00 -1 -1.05e-14      0.00 7.244e-01 2.610e-01 2.613e-03 7.051e-04 6.397e-03 -1.000 1.455e-02 6.874 10.172 8.789 7.584 6.773 6.159 5.343 4.673 4.567
0.0152 0.01508 9.67117 0.7000000477 2.3779268265    0.700 -0.801  3.6500  4.636    1  0.000  0.545     0.00     0.00     0.00     0.00     0.00 -1 -1.14e-14      0.00 7.248e-01 2.607e-01 2.610e-03 7.043e-04 6.390e-03 -1.000 1.452e-02 6.772 9.927 8.589 7.418 6.631 6.052 5.262 4.608 4.509
0.0152 0.01508 9.67117 0.7428458929 2.3969545364    0.743 -0.667  3.6749  4.627    1  0.000  0.538     0.00     0.00     0.00     0.00     0.00 -1 -1.52e-14      0.00 7.262e-01 2.594e-01 2.569e-03 7.006e-04 6.365e-03 -1.000 1.447e-02 6.438 9.017 7.929 6.884 6.196 5.702 5.001 4.424 4.342
0.0152 0.01508 9.67117 0.7500000000 2.3998889923    0.750 -0.645  3.6789  4.626    1  0.000  0.537     0.00     0.00     0.00     0.00     0.00 -1 -1.59e-14      0.00 7.264e-01 2.592e-01 2.562e-03 7.000e-04 6.361e-03 -1.000 1.448e-02 6.383 8.867 7.826 6.800 6.128 5.645 4.959 4.397 4.316
0.0152 0.01508 9.67117 0.7583853602 2.4032475948    0.758 -0.621  3.6826  4.621    1  0.000  0.537     0.00     0.00     0.00     0.00     0.00 -1 -1.69e-14      0.00 7.267e-01 2.588e-01 2.559e-03 6.991e-04 6.353e-03 -1.000 1.446e-02 6.322 8.727 7.723 6.714 6.057 5.583 4.910 4.359 4.280
0.0152 0.01508 9.67117 0.8000000119 2.4187245369    0.800 -0.502  3.7006  4.598    1  0.000  0.537     0.00     0.00     0.00     0.00     0.00 -1 -2.22e-14      0.00 7.286e-01 2.570e-01 2.544e-03 6.950e-04 6.316e-03 -1.000 1.438e-02 6.025 8.056 7.239 6.310 5.721 5.285 4.673 4.176 4.106
0.0152 0.01508 9.67117 0.8197482824 2.4254400730    0.819 -0.447  3.7087  4.585    1  0.000  0.537     0.00     0.00     0.00     0.00     0.00 -1 -2.52e-14      0.00 7.297e-01 2.560e-01 2.535e-03 6.927e-04 6.296e-03 -1.000 1.432e-02 5.887 7.762 7.026 6.131 5.568 5.148 4.563 4.090 4.023
0.0152 0.01508 9.67117 0.8500000238 2.4350347519    0.849 -0.363  3.7208  4.566    1  0.000  0.537     0.00     0.00     0.00     0.00     0.00 -1 -3.07e-14      0.00 7.313e-01 2.545e-01 2.522e-03 6.893e-04 6.264e-03 -1.000 1.426e-02 5.678 7.327 6.714 5.867 5.343 4.945 4.399 3.959 3.897
0.0152 0.01508 9.67117 0.8740302324 2.4421143532    0.873 -0.298  3.7297  4.548    1  0.000  0.537     0.00     0.00     0.00     0.00     0.00 -1  -3.6e-14      0.00 7.329e-01 2.530e-01 2.509e-03 6.858e-04 6.233e-03 -1.000 1.417e-02 5.514 7.010 6.483 5.670 5.171 4.787 4.268 3.852 3.793
0.0152 0.01508 9.67117 0.9000000358 2.4492788315    0.899 -0.228  3.7389  4.527    1  0.000  0.537     0.00     0.00     0.00     0.00     0.00 -1 -4.26e-14      0.00 7.346e-01 2.513e-01 2.495e-03 6.819e-04 6.198e-03 -1.000 1.406e-02 5.339 6.681 6.238 5.461 4.989 4.621 4.130 3.738 3.683
0.0152 0.01508 9.67117 0.9167419076 2.4536507130    0.916 -0.182  3.7444  4.512    1  0.000  0.537     0.00     0.00     0.00     0.00     0.00 -1 -4.77e-14      0.00 7.360e-01 2.500e-01 2.483e-03 6.788e-04 6.171e-03 -1.000 1.402e-02 5.226 6.470 6.085 5.331 4.876 4.516 4.042 3.662 3.610
0.0152 0.01508 9.67117 0.9357993603 2.4584090710    0.935 -0.131  3.7505  4.494    1  0.000  0.536     0.00     0.00     0.00     0.00     0.00 -1 -5.43e-14      0.00 7.377e-01 2.484e-01 2.470e-03 6.751e-04 6.138e-03 -1.000 1.395e-02 5.098 6.236 5.914 5.186 4.749 4.399 3.941 3.576 3.527
0.0152 0.01508 9.67117 0.9500000477 2.4618122578    0.949 -0.093  3.7549  4.480    1  0.000  0.536     0.00     0.00     0.00     0.00     0.00 -1 -5.97e-14      0.00 7.389e-01 2.471e-01 2.459e-03 6.723e-04 6.112e-03 -1.000 1.390e-02 5.003 6.073 5.791 5.081 4.655 4.311 3.866 3.510 3.464
0.0152 0.01508 9.67117 0.9536238313 2.4626622200    0.953 -0.084  3.7559  4.476    1  0.000  0.536     0.00     0.00     0.00     0.00     0.00 -1 -6.13e-14      0.00 7.394e-01 2.468e-01 2.456e-03 6.714e-04 6.104e-03 -1.000 1.389e-02 4.979 6.032 5.760 5.054 4.631 4.289 3.846 3.493 3.447
0.0152 0.01508 9.67117 0.9701862931 2.4664535522    0.970 -0.039  3.7606  4.458    1  0.000  0.536     0.00     0.00     0.00     0.00     0.00 -1 -6.87e-14      0.00 7.413e-01 2.449e-01 2.440e-03 6.672e-04 6.066e-03 -1.000 1.379e-02 4.868 5.850 5.619 4.932 4.521 4.186 3.756 3.413 3.369
0.0152 0.01508 9.67117 0.9857723117 2.4698877335    0.985  0.003  3.7648  4.440    1  0.000  0.536     0.00     0.00     0.00     0.00     0.00 -1 -7.67e-14      0.00 7.431e-01 2.431e-01 2.425e-03 6.630e-04 6.029e-03 -1.000 1.373e-02 4.763 5.686 5.488 4.819 4.419 4.091 3.672 3.339 3.296
0.0152 0.01508 9.67117 1.0000000000 2.4729156494    1.000  0.041  3.7685  4.423    1  0.000  0.536     0.00     0.00     0.00     0.00     0.00 -1 -8.47e-14      0.00 7.449e-01 2.414e-01 2.410e-03 6.590e-04 5.993e-03 -1.000 1.366e-02 4.668 5.540 5.369 4.717 4.326 4.004 3.595 3.270 3.229
0.0152 0.01508 9.67117 1.0149023533 2.4759824276    1.014  0.081  3.7720  4.403    1  0.000  0.536     0.00     0.00     0.00     0.00     0.00 -1 -9.22e-14      0.00 7.475e-01 2.390e-01 2.389e-03 6.534e-04 5.943e-03 -1.000 1.355e-02 4.568 5.392 5.247 4.610 4.228 3.912 3.512 3.195 3.156
0.0152 0.01508 9.67117 1.0300376415 2.4789931774    1.029  0.122  3.7754  4.383    1  0.000  0.536     0.00     0.00     0.00     0.00     0.00 -1 -1.01e-13      0.00 7.502e-01 2.364e-01 2.367e-03 6.475e-04 5.890e-03 -1.000 1.341e-02 4.466 5.246 5.124 4.502 4.129 3.819 3.428 3.118 3.081
0.0152 0.01508 9.67117 1.0440803766 2.4816968441    1.043  0.159  3.7784  4.363    1  0.000  0.536     0.00     0.00     0.00     0.00     0.00 -1 -1.09e-13      0.00 7.528e-01 2.339e-01 2.345e-03 6.417e-04 5.838e-03 -1.000 1.328e-02 4.372 5.114 5.010 4.403 4.037 3.732 3.349 3.045 3.010
0.0152 0.01508 9.67117 1.0499999523 2.4828116894    1.049  0.175  3.7796  4.354    1  0.000  0.536     0.00     0.00     0.00     0.00     0.00 -1 -1.13e-13      0.00 7.539e-01 2.328e-01 2.336e-03 6.391e-04 5.815e-03 -1.000 1.322e-02 4.332 5.059 4.963 4.361 3.999 3.695 3.315 3.014 2.979
0.0152 0.01508 9.67117 1.0569916964 2.4841098785    1.056  0.194  3.7810  4.343    1  0.000  0.535     0.00     0.00     0.00     0.00     0.00 -1 -1.18e-13      0.00 7.558e-01 2.311e-01 2.321e-03 6.352e-04 5.780e-03 -1.000 1.314e-02 4.285 4.997 4.908 4.312 3.953 3.652 3.275 2.977 2.942
0.0152 0.01508 9.67117 1.0707805157 2.4866132736    1.070  0.231  3.7834  4.322    1  0.000  0.535     0.00     0.00     0.00     0.00     0.00 -1 -1.28e-13      0.00 7.594e-01 2.276e-01 2.291e-03 6.271e-04 5.708e-03 -1.000 1.300e-02 4.193 4.880 4.803 4.217 3.863 3.566 3.195 2.902 2.868
0.0152 0.01508 9.67117 1.0838292837 2.4889149666    1.083  0.265  3.7853  4.301    1  0.000  0.535     0.00     0.00     0.00     0.00     0.00 -1 -1.38e-13      0.00 7.630e-01 2.242e-01 2.262e-03 6.193e-04 5.637e-03 -1.000 1.287e-02 4.108 4.774 4.706 4.129 3.780 3.486 3.120 2.831 2.798
0.0152 0.01508 9.67117 1.0964273214 2.4910774231    1.095  0.296  3.7868  4.280    1  0.000  0.535     0.00     0.00     0.00     0.00     0.00 -1 -1.48e-13      0.00 7.665e-01 2.208e-01 2.234e-03 6.118e-04 5.569e-03 -1.000 1.272e-02 4.029 4.680 4.619 4.048 3.703 3.411 3.049 2.763 2.730
0.0152 0.01508 9.67117 1.1000000238 2.4916803837    1.099  0.305  3.7872  4.274    1  0.000  0.535     0.00     0.00     0.00     0.00     0.00 -1 -1.51e-13      0.00 7.675e-01 2.199e-01 2.226e-03 6.097e-04 5.551e-03 -1.000 1.267e-02 4.007 4.655 4.595 4.026 3.682 3.390 3.029 2.743 2.711
0.0152 0.01508 9.67117 1.1058006287 2.4926495552    1.105  0.320  3.7877  4.264    1  0.000  0.535     0.00     0.00     0.00     0.00     0.00 -1 -1.56e-13      0.00 7.682e-01 2.191e-01 2.222e-03 6.087e-04 5.542e-03 -1.000 1.263e-02 3.971 4.613 4.555 3.989 3.646 3.356 2.995 2.711 2.679
0.0152 0.01508 9.67117 1.1245266199 2.4957005978    1.123  0.371  3.7898  4.229    1  0.000  0.534     0.00     0.00     0.00     0.00     0.00 -1 -1.75e-13      0.00 7.696e-01 2.178e-01 2.217e-03 6.079e-04 5.532e-03 -1.000 1.260e-02 3.843 4.465 4.415 3.858 3.520 3.233 2.877 2.598 2.566
0.0152 0.01508 9.67117 1.1403895617 2.4981951714    1.139  0.416  3.7914  4.196    1  0.000  0.534     0.00     0.00     0.00     0.00     0.00 -1 -1.95e-13      0.00 7.687e-01 2.186e-01 2.229e-03 6.117e-04 5.564e-03 -1.000 1.268e-02 3.729 4.337 4.292 3.743 3.408 3.124 2.772 2.496 2.465
0.0152 0.01508 9.67117 1.1422086954 2.4984760284    1.141  0.422  3.7915  4.192    1  0.000  0.534     0.00     0.00     0.00     0.00     0.00 -1 -1.98e-13      0.00 7.686e-01 2.187e-01 2.230e-03 6.122e-04 5.568e-03 -1.000 1.269e-02 3.716 4.322 4.278 3.729 3.396 3.112 2.760 2.484 2.453
0.0152 0.01508 9.67117 1.1499999762 2.4996678829    1.149  0.445  3.7921  4.174    1  0.000  0.534     0.00     0.00     0.00     0.00     0.00 -1 -2.09e-13      0.00 7.680e-01 2.192e-01 2.237e-03 6.143e-04 5.586e-03 -1.000 1.273e-02 3.658 4.260 4.216 3.671 3.338 3.055 2.705 2.431 2.400
0.0152 0.01508 9.67117 1.1537066698 2.5002284050    1.152  0.454  3.7920  4.166    1  0.000  0.534     0.00     0.00     0.00     0.00     0.00 -1 -2.14e-13      0.00 7.676e-01 2.196e-01 2.242e-03 6.153e-04 5.598e-03 -1.000 1.276e-02 3.635 4.238 4.193 3.648 3.315 3.032 2.682 2.407 2.376
0.0152 0.01508 9.67117 1.1632223129 2.5016486645    1.162  0.482  3.7919  4.141    1  0.000  0.534     0.00     0.00     0.00     0.00     0.00 -1 -2.29e-13      0.00 7.668e-01 2.204e-01 2.252e-03 6.178e-04 5.626e-03 -1.000 1.281e-02 3.566 4.170 4.124 3.578 3.246 2.963 2.612 2.337 2.306
0.0152 0.01508 9.67117 1.1692442894 2.5025336742    1.168  0.504  3.7919  4.121    1  0.000  0.534     0.00     0.00     0.00     0.00     0.00 -1 -2.43e-13      0.00 7.663e-01 2.209e-01 2.260e-03 6.195e-04 5.646e-03 -1.000 1.284e-02 3.510 4.114 4.067 3.522 3.190 2.907 2.556 2.282 2.251
0.0152 0.01508 9.67117 1.1732295752 2.5031137466    1.172  0.523  3.7922  4.104    1  0.000  0.534     0.00     0.00     0.00     0.00     0.00 -1 -2.57e-13      0.00 7.657e-01 2.214e-01 2.267e-03 6.212e-04 5.664e-03 -1.000 1.290e-02 3.462 4.064 4.017 3.474 3.142 2.860 2.510 2.236 2.205
0.0152 0.01508 9.67117 1.1745936871 2.5033111572    1.173  0.533  3.7924  4.096    1  0.000  0.534     0.00     0.00     0.00     0.00     0.00 -1 -2.65e-13      0.00 7.654e-01 2.216e-01 2.270e-03 6.219e-04 5.671e-03 -1.000 1.291e-02 3.438 4.038 3.992 3.449 3.119 2.837 2.487 2.214 2.183
0.0152 0.01508 9.67117 1.1791172028 2.5039622784    1.178  0.548  3.7919  4.081    2  0.000  0.533     0.00     0.00     0.00     0.00     0.00 -1 -2.76e-13      0.00 7.648e-01 2.223e-01 2.277e-03 6.237e-04 5.691e-03 -1.000 1.294e-02 3.400 4.005 3.956 3.412 3.080 2.797 2.446 2.172 2.141
0.0152 0.01508 9.67117 1.1838761568 2.5046410561    1.183  0.560  3.7911  4.067    2  0.000  0.533     0.00     0.00     0.00     0.00     0.00 -1 -2.86e-13      0.00 7.640e-01 2.230e-01 2.286e-03 6.258e-04 5.713e-03 -1.000 1.299e-02 3.369 3.981 3.928 3.381 3.048 2.764 2.411 2.135 2.104
0.0152 0.01508 9.67117 1.1894000769 2.5054211617    1.188  0.576  3.7903  4.050    2  0.000  0.533     0.00     0.00     0.00     0.00     0.00 -1 -2.98e-13      0.00 7.633e-01 2.237e-01 2.293e-03 6.274e-04 5.731e-03 -1.000 1.303e-02 3.330 3.949 3.894 3.343 3.009 2.723 2.369 2.092 2.060
0.0152 0.01508 9.67117 1.1964840889 2.5064094067    1.195  0.597  3.7892  4.027    2  0.000  0.533     0.00     0.00     0.00     0.00     0.00 -1 -3.16e-13      0.00 7.635e-01 2.235e-01 2.294e-03 6.272e-04 5.734e-03 -1.000 1.303e-02 3.277 3.907 3.845 3.291 2.954 2.667 2.310 2.031 1.998
0.0152 0.01508 9.67117 1.2000000477 2.5068950653    1.199  0.609  3.7885  4.014    2  0.000  0.533     0.00     0.00     0.00     0.00     0.00 -1 -3.27e-13      0.00 7.641e-01 2.229e-01 2.290e-03 6.259e-04 5.725e-03 -1.000 1.301e-02 3.248 3.885 3.820 3.263 2.924 2.636 2.277 1.996 1.964
0.0152 0.01508 9.67117 1.2071597576 2.5078737736    1.206  0.631  3.7861  3.984    2  0.000  0.533     0.00     0.00     0.00     0.00     0.00 -1 -3.49e-13      0.00 7.633e-01 2.237e-01 2.296e-03 6.274e-04 5.742e-03 -1.000 1.305e-02 3.192 3.853 3.777 3.209 2.866 2.574 2.209 1.924 1.890
0.0152 0.01508 9.67117 1.2193188667 2.5095055103    1.218  0.666  3.7790  3.925    2  0.000  0.533     0.00     0.00     0.00     0.00     0.00 -1 -3.93e-13      0.00 7.589e-01 2.279e-01 2.328e-03 6.358e-04 5.823e-03 -1.000 1.321e-02 3.104 3.837 3.726 3.130 2.771 2.469 2.086 1.786 1.749
0.0152 0.01508 9.67117 1.2294316292 2.5108344555    1.228  0.681  3.7664  3.864    2  0.000  0.534     0.00     0.00     0.00     0.00     0.00 -1 -4.26e-13      0.00 7.425e-01 2.436e-01 2.448e-03 6.675e-04 6.112e-03 -1.000 1.391e-02 3.069 3.949 3.768 3.116 2.729 2.406 1.989 1.661 1.619
0.0152 0.01508 9.67117 1.2355885506 2.5116312504    1.234  0.659  3.7497  3.821    2  0.000  0.535     0.00     0.00     0.00     0.00     0.00 -1 -4.21e-13      0.00 7.296e-01 2.559e-01 2.549e-03 6.940e-04 6.353e-03 -1.000 1.445e-02 3.123 4.222 3.930 3.209 2.781 2.430 1.967 1.600 1.550
0.0152 0.01508 9.67117 1.2386755943 2.5120275021    1.237  0.634  3.7373  3.798    2  0.000  0.535     0.00     0.00     0.00     0.00     0.00 -1 -4.06e-13      0.00 7.236e-01 2.617e-01 2.596e-03 7.064e-04 6.465e-03 -1.000 1.471e-02 3.185 4.463 4.073 3.305 2.848 2.477 1.977 1.578 1.525
0.0152 0.01508 9.67117 1.2405334711 2.5122647285    1.239  0.617  3.7287  3.781    2  0.000  0.535     0.00     0.00     0.00     0.00     0.00 -1 -3.96e-13      0.00 7.206e-01 2.646e-01 2.619e-03 7.125e-04 6.521e-03 -1.000 1.483e-02 3.228 4.632 4.176 3.376 2.898 2.513 1.986 1.565 1.509
0.0152 0.01508 9.67117 1.2420799732 2.5124616623    1.241  0.610  3.7221  3.762    2  0.000  0.536     0.00     0.00     0.00     0.00     0.00 -1 -3.96e-13      0.00 7.186e-01 2.665e-01 2.633e-03 7.162e-04 6.554e-03 -1.000 1.486e-02 3.245 4.753 4.243 3.417 2.922 2.526 1.978 1.539 1.480
0.0152 0.01508 9.67117 1.2435075045 2.5126428604    1.242  0.610  3.7165  3.740    2  0.000  0.536     0.00     0.00     0.00     0.00     0.00 -1 -4.04e-13      0.00 7.171e-01 2.680e-01 2.643e-03 7.189e-04 6.579e-03 -1.000 1.490e-02 3.245 4.843 4.286 3.438 2.930 2.524 1.958 1.503 1.442
0.0152 0.01508 9.67117 1.2451701164 2.5128533840    1.244  0.616  3.7108  3.712    2  0.000  0.536     0.00     0.00     0.00     0.00     0.00 -1  -4.2e-13      0.00 7.154e-01 2.696e-01 2.653e-03 7.215e-04 6.603e-03 -1.000 1.497e-02 3.230 4.923 4.316 3.446 2.923 2.507 1.922 1.450 1.387
0.0152 0.01508 9.67117 1.2470327616 2.5130884647    1.246  0.638  3.7064  3.673    2  0.000  0.536     0.00     0.00     0.00     0.00     0.00 -1 -4.59e-13      0.00 7.135e-01 2.714e-01 2.660e-03 7.237e-04 6.622e-03 -1.000 1.504e-02 3.174 4.942 4.297 3.410 2.875 2.451 1.851 1.367 1.302
0.0152 0.01508 9.67117 1.2477284670 2.5131759644    1.246  0.647  3.7048  3.658    2  0.000  0.535     0.00     0.00     0.00     0.00     0.00 -1 -4.75e-13      0.00 7.129e-01 2.721e-01 2.662e-03 7.245e-04 6.629e-03 -1.000 1.507e-02 3.152 4.945 4.287 3.395 2.855 2.429 1.823 1.335 1.269
0.0152 0.01508 9.67117 1.2491204739 2.5133509636    1.248  0.672  3.7028  3.625    3  0.000  0.533     0.00     0.00     0.00     0.00     0.00 -1  -5.2e-13      0.00 7.113e-01 2.736e-01 2.655e-03 7.290e-04 6.640e-03 -1.000 1.508e-02 3.090 4.915 4.242 3.342 2.797 2.367 1.754 1.260 1.193
0.0152 0.01508 9.67117 1.2500000000 2.5134611130    1.249  0.688  3.7016  3.605    3  0.000  0.532     0.00     0.00     0.00     0.00     0.00 -1 -5.51e-13      0.00 7.103e-01 2.746e-01 2.651e-03 7.319e-04 6.647e-03 -1.000 1.508e-02 3.051 4.895 4.213 3.308 2.760 2.328 1.711 1.213 1.146
0.0152 0.01508 9.67117 1.2502050400 2.5134868622    1.249  0.691  3.7013  3.601    3  0.000  0.531     0.00     0.00     0.00     0.00     0.00 -1 -5.58e-13      0.00 7.101e-01 2.748e-01 2.649e-03 7.327e-04 6.648e-03 -1.000 1.508e-02 3.042 4.891 4.207 3.300 2.752 2.319 1.701 1.203 1.135
0.0152 0.01508 9.67117 1.2526605129 2.5137937069    1.251  0.740  3.6988  3.542    3  0.000  0.510     0.00     0.00     0.00     0.00     0.00 -1 -6.63e-13      0.00 7.068e-01 2.781e-01 2.553e-03 8.170e-04 6.662e-03 -1.000 1.513e-02 2.919 4.806 4.104 3.188 2.634 2.196 1.570 1.064 0.995
0.0152 0.01508 9.67117 1.2549905777 2.5140836239    1.254  0.792  3.6968  3.483    3  0.000  0.476     0.00     0.00     0.00     0.00     0.00 -1 -7.93e-13      0.00 7.033e-01 2.815e-01 2.386e-03 1.016e-03 6.672e-03 -1.000 1.523e-02 2.790 4.710 3.993 3.069 2.510 2.068 1.434 0.922 0.852
0.0152 0.01508 9.67117 1.2570579052 2.5143399239    1.256  0.842  3.6952  3.427    3  0.000  0.452     0.00     0.00     0.00     0.00     0.00 -1 -9.44e-13      0.00 7.001e-01 2.847e-01 2.264e-03 1.169e-03 6.680e-03 -1.000 1.523e-02 2.665 4.615 3.883 2.951 2.388 1.943 1.303 0.786 0.716
0.0152 0.01508 9.67117 1.2589873075 2.5145781040    1.258  0.893  3.6935  3.370    3  0.000  0.436     0.00     0.00     0.00     0.00     0.00 -1 -1.13e-12      0.00 6.974e-01 2.873e-01 2.187e-03 1.266e-03 6.685e-03 -1.000 1.527e-02 2.537 4.518 3.771 2.831 2.264 1.816 1.170 0.648 0.577
0.0152 0.01508 9.67117 1.2607808113 2.5147986412    1.260  0.945  3.6919  3.312    3  0.000  0.425     0.00     0.00     0.00     0.00     0.00 -1 -1.35e-12      0.00 6.952e-01 2.895e-01 2.134e-03 1.333e-03 6.689e-03 -1.000 1.528e-02 2.407 4.419 3.657 2.708 2.138 1.686 1.034 0.508 0.436
0.0152 0.01508 9.67117 1.2623769045 2.5149946213    1.261  0.996  3.6902  3.255    3  0.000  0.419     0.00     0.00     0.00     0.00     0.00 -1 -1.62e-12      0.00 6.938e-01 2.909e-01 2.102e-03 1.374e-03 6.691e-03 -1.000 1.529e-02 2.279 4.323 3.546 2.588 2.013 1.558 0.900 0.369 0.297
0.0152 0.01508 9.67117 1.2637439966 2.5151617527    1.262  1.044  3.6884  3.201    3  0.000  0.415     0.00     0.00     0.00     0.00     0.00 -1 -1.92e-12      0.00 6.928e-01 2.920e-01 2.082e-03 1.399e-03 6.692e-03 -1.000 1.527e-02 2.159 4.236 3.443 2.477 1.898 1.439 0.774 0.238 0.165
0.0152 0.01508 9.67117 1.2650288343 2.5153186321    1.264  1.094  3.6865  3.144    3  0.000  0.412     0.00     0.00     0.00     0.00     0.00 -1 -2.29e-12      0.00 6.920e-01 2.927e-01 2.068e-03 1.417e-03 6.693e-03 -1.000 1.527e-02 2.035 4.149 3.339 2.363 1.778 1.315 0.644 0.102 0.029
0.0152 0.01508 9.67117 1.2662197351 2.5154635906    1.265  1.145  3.6845  3.085    3  0.000  0.410     0.00     0.00     0.00     0.00     0.00 -1 -2.74e-12      0.00 6.916e-01 2.931e-01 2.059e-03 1.428e-03 6.694e-03 -1.000 1.528e-02 1.908 4.062 3.232 2.246 1.656 1.189 0.509 -0.038 -0.112
0.0152 0.01508 9.67117 1.2672297955 2.5155863762    1.266  1.193  3.6825  3.030    3  0.000  0.409     0.00     0.00     0.00     0.00     0.00 -1 -3.26e-12      0.00 6.913e-01 2.934e-01 2.055e-03 1.434e-03 6.694e-03 -1.000 1.528e-02 1.788 3.984 3.134 2.137 1.542 1.070 0.383 -0.170 -0.245
0.0152 0.01508 9.67117 1.2681549788 2.5156986713    1.267  1.241  3.6804  2.973    3  0.000  0.409     0.00     0.00     0.00     0.00     0.00 -1 -3.87e-12      0.00 6.913e-01 2.935e-01 2.052e-03 1.437e-03 6.694e-03 -1.000 1.527e-02 1.668 3.905 3.034 2.028 1.427 0.951 0.256 -0.303 -0.380
0.0152 0.01508 9.67117 1.2689584494 2.5157959461    1.268  1.287  3.6782  2.919    3  0.000  0.408     0.00     0.00     0.00     0.00     0.00 -1 -4.57e-12      0.00 6.912e-01 2.935e-01 2.051e-03 1.439e-03 6.694e-03 -1.000 1.527e-02 1.553 3.834 2.942 1.925 1.318 0.837 0.135 -0.431 -0.509
0.0152 0.01508 9.67117 1.2697012424 2.5158858299    1.268  1.333  3.6761  2.864    3  0.000  0.408     0.00     0.00     0.00     0.00     0.00 -1 -5.41e-12      0.00 6.912e-01 2.935e-01 2.050e-03 1.440e-03 6.695e-03 -1.000 1.527e-02 1.437 3.763 2.849 1.822 1.209 0.723 0.012 -0.560 -0.639
0.0152 0.01508 9.67117 1.2703889608 2.5159687996    1.269  1.380  3.6738  2.809    3  0.000  0.408     0.00     0.00     0.00     0.00     0.00 -1  -6.4e-12      0.00 6.912e-01 2.935e-01 2.049e-03 1.440e-03 6.695e-03 -1.000 1.527e-02 1.321 3.694 2.757 1.719 1.099 0.609 -0.111 -0.690 -0.771
0.0152 0.01508 9.67117 1.2710014582 2.5160427094    1.269  1.425  3.6715  2.755    3  0.000  0.408     0.00     0.00     0.00     0.00     0.00 -1 -7.54e-12      0.00 6.913e-01 2.935e-01 2.049e-03 1.441e-03 6.695e-03 -1.000 1.527e-02 1.209 3.629 2.668 1.620 0.994 0.498 -0.230 -0.816 -0.898
0.0152 0.01508 9.67117 1.2715795040 2.5161123276    1.270  1.470  3.6691  2.700    3  0.000  0.408     0.00     0.00     0.00     0.00     0.00 -1 -8.91e-12      0.00 6.913e-01 2.935e-01 2.048e-03 1.442e-03 6.695e-03 -1.000 1.527e-02 1.095 3.566 2.580 1.521 0.888 0.387 -0.351 -0.944 -1.028
0.0152 0.01508 9.67117 1.2721102238 2.5161762238    1.270  1.514  3.6668  2.647    3  0.000  0.408     0.00     0.00     0.00     0.00     0.00 -1 -1.05e-11      0.00 6.913e-01 2.935e-01 2.048e-03 1.442e-03 6.695e-03 -1.000 1.527e-02 0.986 3.507 2.497 1.426 0.787 0.281 -0.466 -1.067 -1.152
0.0152 0.01508 9.67117 1.2726166248 2.5162372589    1.271  1.555  3.6645  2.598    3  0.000  0.408     0.00     0.00     0.00     0.00     0.00 -1 -1.22e-11      0.00 6.913e-01 2.934e-01 2.048e-03 1.443e-03 6.695e-03 -1.000 1.527e-02 0.883 3.453 2.419 1.338 0.692 0.180 -0.575 -1.183 -1.269
0.0152 0.01508 9.67117 1.2732765675 2.5163164139    1.271  1.595  3.6624  2.549    3  0.000  0.408     0.00     0.00     0.00     0.00     0.00 -1 -1.41e-11      0.00 6.913e-01 2.934e-01 2.047e-03 1.443e-03 6.695e-03 -1.000 1.527e-02 0.782 3.399 2.342 1.251 0.598 0.082 -0.682 -1.296 -1.385
0.0152 0.01508 9.67117 1.2733893394 2.5163300037    1.271  1.600  3.6621  2.543    3  0.000  0.408     0.00     0.00     0.00     0.00     0.00 -1 -1.44e-11      0.00 6.913e-01 2.934e-01 2.047e-03 1.443e-03 6.695e-03 -1.000 1.527e-02 0.770 3.392 2.332 1.240 0.586 0.070 -0.695 -1.310 -1.399
0.0152 0.01508 9.67117 1.2736773491 2.5163645744    1.272  1.586  3.6631  2.561    3  0.000  0.408     0.00     0.00     0.00     0.00     0.00 -1 -1.38e-11      0.00 6.913e-01 2.934e-01 2.047e-03 1.444e-03 6.695e-03 -1.000 1.527e-02 0.806 3.405 2.357 1.269 0.619 0.105 -0.656 -1.268 -1.356
0.0152 0.01508 9.67117 1.2740768194 2.5164124966    1.272  1.541  3.6661  2.618    3  0.000  0.407     0.00     0.00     0.00     0.00     0.00 -1 -1.17e-11      0.00 6.913e-01 2.934e-01 2.046e-03 1.444e-03 6.695e-03 -1.000 1.527e-02 0.918 3.453 2.436 1.362 0.721 0.213 -0.537 -1.139 -1.225
0.0152 0.01508 9.67117 1.2741018534 2.5164155960    1.272  1.538  3.6662  2.621    3  0.000  0.407     0.00     0.00     0.00     0.00     0.00 -1 -1.15e-11      0.00 6.913e-01 2.934e-01 2.046e-03 1.444e-03 6.695e-03 -1.000 1.527e-02 0.924 3.456 2.441 1.367 0.726 0.219 -0.530 -1.132 -1.218
0.0152 0.01508 9.67117 1.2741646767 2.5164229870    1.272  1.545  3.6659  2.613    3  0.000  0.407     0.00     0.00     0.00     0.00     0.00 -1 -1.18e-11      0.00 6.913e-01 2.934e-01 2.046e-03 1.444e-03 6.695e-03 -1.000 1.527e-02 0.907 3.447 2.428 1.353 0.711 0.203 -0.548 -1.151 -1.237
0.0152 0.01508 9.67117 1.2745783329 2.5164725780    1.272  1.590  3.6633  2.558    3  0.000  0.407     0.00     0.00     0.00     0.00     0.00 -1 -1.38e-11      0.00 6.913e-01 2.934e-01 2.046e-03 1.444e-03 6.695e-03 -1.000 1.527e-02 0.796 3.391 2.345 1.258 0.608 0.094 -0.666 -1.277 -1.365
0.0152 0.01508 9.67117 1.2750043869 2.5165235996    1.273  1.636  3.6606  2.502    3  0.000  0.407     0.00     0.00     0.00     0.00     0.00 -1 -1.63e-11      0.00 6.913e-01 2.934e-01 2.046e-03 1.445e-03 6.695e-03 -1.000 1.527e-02 0.681 3.333 2.259 1.160 0.502 -0.017 -0.788 -1.407 -1.497
0.0152 0.01508 9.67117 1.2754025459 2.5165712833    1.273  1.681  3.6580  2.446    3  0.000  0.407     0.00     0.00     0.00     0.00     0.00 -1 -1.92e-11      0.00 6.913e-01 2.934e-01 2.045e-03 1.445e-03 6.695e-03 -1.000 1.527e-02 0.568 3.297 2.182 1.065 0.398 -0.128 -0.910 -1.537 -1.628
0.0152 0.01508 9.67117 1.2757633924 2.5166144371    1.273  1.725  3.6553  2.391    3  0.000  0.407     0.00     0.00     0.00     0.00     0.00 -1 -2.27e-11      0.00 6.914e-01 2.934e-01 2.045e-03 1.446e-03 6.695e-03 -1.000 1.527e-02 0.457 3.265 2.109 0.974 0.297 -0.236 -1.028 -1.663 -1.756
0.0152 0.01508 9.67117 1.2761048079 2.5166552067    1.274  1.770  3.6525  2.335    3  0.000  0.407     0.00     0.00     0.00     0.00     0.00 -1 -2.68e-11      0.00 6.914e-01 2.934e-01 2.045e-03 1.446e-03 6.695e-03 -1.000 1.527e-02 0.344 3.234 2.034 0.881 0.193 -0.347 -1.149 -1.792 -1.887
0.0152 0.01508 9.67117 1.2764146328 2.5166921616    1.274  1.815  3.6497  2.279    3  0.000  0.407     0.00     0.00     0.00     0.00     0.00 -1 -3.17e-11      0.00 6.914e-01 2.934e-01 2.045e-03 1.446e-03 6.695e-03 -1.000 1.527e-02 0.233 3.205 1.962 0.790 0.092 -0.455 -1.269 -1.920 -2.017
0.0152 0.01508 9.67117 1.2766947746 2.5167257786    1.274  1.858  3.6470  2.225    3  0.000  0.407     0.00     0.00     0.00     0.00     0.00 -1 -3.73e-11      0.00 6.914e-01 2.934e-01 2.044e-03 1.447e-03 6.695e-03 -1.000 1.527e-02 0.124 3.181 1.894 0.703 -0.005 -0.560 -1.385 -2.044 -2.143
0.0152 0.01508 9.67117 1.2769610882 2.5167574883    1.274  1.903  3.6442  2.169    3  0.000  0.407     0.00     0.00     0.00     0.00     0.00 -1  -4.4e-11      0.00 6.914e-01 2.934e-01 2.044e-03 1.447e-03 6.695e-03 -1.000 1.527e-02 0.013 3.158 1.825 0.615 -0.104 -0.667 -1.504 -2.172 -2.273
0.0152 0.01508 9.67117 1.2772015333 2.5167860985    1.274  1.946  3.6413  2.114    3  0.000  0.407     0.00     0.00     0.00     0.00     0.00 -1 -5.18e-11      0.00 6.914e-01 2.933e-01 2.044e-03 1.447e-03 6.695e-03 -1.000 1.527e-02 -0.096 3.137 1.759 0.529 -0.201 -0.772 -1.621 -2.297 -2.400
0.0152 0.01508 9.67117 1.2774221897 2.5168125629    1.274  1.990  3.6384  2.059    3  0.000  0.407     0.00     0.00     0.00     0.00     0.00 -1  -6.1e-11      0.00 6.914e-01 2.933e-01 2.044e-03 1.447e-03 6.695e-03 -1.000 1.527e-02 -0.204 3.119 1.694 0.445 -0.296 -0.876 -1.737 -2.422 -2.527
0.0152 0.01508 9.67117 1.2776237726 2.5168364048    1.274  2.033  3.6355  2.005    3  0.000  0.407     0.00     0.00     0.00     0.00     0.00 -1 -7.17e-11      0.00 6.914e-01 2.933e-01 2.044e-03 1.447e-03 6.695e-03 -1.000 1.527e-02 -0.312 3.105 1.632 0.364 -0.389 -0.979 -1.852 -2.546 -2.653
0.0152 0.01508 9.67117 1.2778121233 2.5168588161    1.274  2.076  3.6325  1.949    3  0.000  0.407     0.00     0.00     0.00     0.00     0.00 -1 -8.45e-11      0.00 6.914e-01 2.933e-01 2.044e-03 1.448e-03 6.695e-03 -1.000 1.527e-02 -0.421 3.064 1.570 0.278 -0.483 -1.081 -1.966 -2.665 -2.777
0.0152 0.01508 9.67117 1.2779824734 2.5168793201    1.274  2.119  3.6296  1.895    3  0.000  0.407     0.00     0.00     0.00     0.00     0.00 -1 -9.92e-11      0.00 6.914e-01 2.933e-01 2.043e-03 1.448e-03 6.695e-03 -1.000 1.527e-02 -0.527 3.021 1.508 0.194 -0.574 -1.181 -2.079 -2.782 -2.899
0.0152 0.01508 9.67117 1.2781379223 2.5168976784    1.274  2.161  3.6266  1.841    3  0.000  0.407     0.00     0.00     0.00     0.00     0.00 -1 -1.16e-10      0.00 6.914e-01 2.933e-01 2.043e-03 1.448e-03 6.695e-03 -1.000 1.527e-02 -0.632 2.976 1.449 0.113 -0.661 -1.278 -2.189 -2.896 -3.019
0.0152 0.01508 9.67117 1.2782853842 2.5169153214    1.274  2.204  3.6236  1.786    3  0.000  0.407     0.00     0.00     0.00     0.00     0.00 -1 -1.37e-10      0.00 6.914e-01 2.933e-01 2.043e-03 1.448e-03 6.695e-03 -1.000 1.527e-02 -0.740 2.928 1.387 0.030 -0.751 -1.377 -2.302 -3.013 -3.142
0.0152 0.01508 9.67117 1.2784178257 2.5169310570    1.274  2.246  3.6206  1.732    3  0.000  0.407     0.00     0.00     0.00     0.00     0.00 -1  -1.6e-10      0.00 6.914e-01 2.933e-01 2.043e-03 1.448e-03 6.695e-03 -1.000 1.527e-02 -0.844 2.881 1.326 -0.050 -0.838 -1.473 -2.411 -3.127 -3.261
0.0152 0.01508 9.67117 1.2785412073 2.5169456005    1.274  2.288  3.6175  1.678    3  0.000  0.407     0.00     0.00     0.00     0.00     0.00 -1 -1.88e-10      0.00 6.914e-01 2.933e-01 2.043e-03 1.448e-03 6.695e-03 -1.000 1.527e-02 -0.949 2.831 1.266 -0.128 -0.923 -1.568 -2.521 -3.241 -3.382
0.0152 0.01508 9.67117 1.2786556482 2.5169594288    1.274  2.329  3.6144  1.623    3  0.000  0.407     0.00     0.00     0.00     0.00     0.00 -1 -2.21e-10      0.00 6.914e-01 2.933e-01 2.043e-03 1.448e-03 6.695e-03 -1.000 1.527e-02 -1.054 2.780 1.206 -0.206 -1.007 -1.663 -2.630 -3.356 -3.502
0.0152 0.01508 9.67117 1.2787605524 2.5169718266    1.274  2.371  3.6113  1.569    3  0.000  0.407     0.00     0.00     0.00     0.00     0.00 -1 -2.58e-10      0.00 6.914e-01 2.933e-01 2.043e-03 1.449e-03 6.695e-03 -1.000 1.527e-02 -1.157 2.731 1.147 -0.283 -1.091 -1.757 -2.738 -3.469 -3.622
0.0152 0.01508 9.67117 1.2788575888 2.5169832706    1.273  2.412  3.6082  1.516    3  0.000  0.407     0.00     0.00     0.00     0.00     0.00 -1 -3.02e-10      0.00 6.914e-01 2.933e-01 2.043e-03 1.449e-03 6.695e-03 -1.000 1.527e-02 -1.260 2.680 1.089 -0.356 -1.172 -1.849 -2.846 -3.582 -3.742
0.0152 0.01508 9.67117 1.2789474726 2.5169939995    1.273  2.453  3.6050  1.462    3  0.000  0.407     0.00     0.00     0.00     0.00     0.00 -1 -3.54e-10      0.00 6.914e-01 2.933e-01 2.043e-03 1.449e-03 6.695e-03 -1.000 1.527e-02 -1.363 2.664 1.040 -0.422 -1.250 -1.942 -2.955 -3.698 -3.864
0.0152 0.01508 9.67117 1.2790291309 2.5170037746    1.273  2.493  3.6019  1.409    3  0.000  0.407     0.00     0.00     0.00     0.00     0.00 -1 -4.13e-10      0.00 6.914e-01 2.933e-01 2.043e-03 1.449e-03 6.695e-03 -1.000 1.527e-02 -1.464 2.666 0.995 -0.485 -1.326 -2.034 -3.063 -3.815 -3.985
0.0152 0.01508 9.67117 1.2791068554 2.5170130730    1.272  2.535  3.5987  1.355    3  0.000  0.407    10.72     7.82     5.52     4.22     3.43  4 -4.84e-10      0.00 6.914e-01 2.933e-01 2.043e-03 1.449e-03 6.695e-03 -1.000 1.527e-02 -1.566 2.664 0.951 -0.546 -1.401 -2.128 -3.173 -3.934 -4.109
0.0152 0.01508 9.67117 1.2791761160 2.5170211792    1.272  2.574  3.5954  1.302    3  0.000  0.407    11.94     8.60     6.05     4.63     3.76  4 -5.63e-10      0.00 6.914e-01 2.933e-01 2.042e-03 1.449e-03 6.695e-03 -1.000 1.527e-02 -1.665 2.663 0.913 -0.599 -1.468 -2.218 -3.280 -4.049 -4.229
0.0152 0.01508 9.67117 1.2792403698 2.5170288086    1.272  2.613  3.5922  1.250    3  0.000  0.407    13.29     9.45     6.62     5.07     4.12  4 -6.56e-10      0.00 6.914e-01 2.933e-01 2.042e-03 1.449e-03 6.695e-03 -1.000 1.527e-02 -1.763 2.663 0.875 -0.651 -1.535 -2.306 -3.385 -4.163 -4.348
0.0152 0.01508 9.67117 1.2793020010 2.5170361996    1.271  2.653  3.5889  1.197    3  0.000  0.407    14.83    10.41     7.26     5.57     4.52  4 -7.66e-10      0.00 6.914e-01 2.933e-01 2.042e-03 1.449e-03 6.695e-03 -1.000 1.527e-02 -1.863 2.661 0.839 -0.702 -1.601 -2.396 -3.493 -4.280 -4.470
0.0152 0.01508 9.67117 1.2793573141 2.5170426369    1.271  2.692  3.5856  1.145    3  0.000  0.407    16.50    11.43     7.94     6.10     4.96  4 -8.89e-10      0.00 6.914e-01 2.933e-01 2.042e-03 1.449e-03 6.695e-03 -1.000 1.527e-02 -1.959 2.660 0.810 -0.743 -1.658 -2.482 -3.597 -4.393 -4.588
0.0152 0.01508 9.67117 1.2794095278 2.5170488358    1.270  2.730  3.5822  1.093    3  0.000  0.407    18.36    12.56     8.68     6.68     5.43  3 -1.03e-09      0.00 6.914e-01 2.933e-01 2.042e-03 1.449e-03 6.695e-03 -1.000 1.527e-02 -2.056 2.659 0.781 -0.784 -1.715 -2.567 -3.702 -4.506 -4.706
0.0152 0.01508 9.67117 1.2794589996 2.5170547962    1.270  2.769  3.5788  1.040    3  0.000  0.407    20.45    13.81     9.51     7.32     5.96  3  -1.2e-09      0.00 6.914e-01 2.933e-01 2.042e-03 1.449e-03 6.695e-03 -1.000 1.527e-02 -2.153 2.657 0.756 -0.819 -1.768 -2.653 -3.807 -4.620 -4.826
0.0152 0.01508 9.67117 1.2795150280 2.5170614719    1.269  2.816  3.5745  0.975    3  0.000  0.407    23.37    15.53    10.64     8.21     6.68  3 -1.45e-09      0.00 6.914e-01 2.933e-01 2.042e-03 1.449e-03 6.695e-03 -1.000 1.527e-02 -2.271 2.655 0.737 -0.845 -1.819 -2.754 -3.937 -4.760 -4.973
0.0152 0.01508 9.67117 1.2795659304 2.5170674324    1.268  2.863  3.5701  0.911    3  0.000  0.407    26.64    17.43    11.88     9.18     7.47  3 -1.74e-09      0.00 6.914e-01 2.933e-01 2.042e-03 1.449e-03 6.695e-03 -1.000 1.527e-02 -2.387 2.659 0.724 -0.867 -1.867 -2.853 -4.065 -4.898 -5.117
0.0152 0.01508 9.67117 1.2796124220 2.5170729160    1.267  2.908  3.5657  0.848    3  0.000  0.407    30.32    19.54    13.24    10.25     8.35  3 -2.08e-09      0.00 6.914e-01 2.933e-01 2.042e-03 1.449e-03 6.695e-03 -1.000 1.527e-02 -2.500 2.657 0.727 -0.863 -1.895 -2.944 -4.192 -5.033 -5.259
0.0152 0.01508 9.67117 1.2796555758 2.5170781612    1.266  2.953  3.5613  0.785    3  0.000  0.407    34.50    21.89    14.76    11.45     9.32  3 -2.49e-09      0.00 6.914e-01 2.933e-01 2.042e-03 1.449e-03 6.695e-03 -1.000 1.527e-02 -2.612 2.657 0.733 -0.856 -1.920 -3.034 -4.317 -5.167 -5.401
0.0152 0.01508 9.67117 1.2796957493 2.5170829296    1.264  2.997  3.5568  0.722    3  0.000  0.407    39.25    24.52    16.45    12.78    10.41  3 -2.97e-09      0.00 6.914e-01 2.933e-01 2.042e-03 1.449e-03 6.695e-03 -1.000 1.527e-02 -2.723 2.656 0.756 -0.827 -1.930 -3.116 -4.442 -5.301 -5.542
0.0152 0.01508 9.67117 1.2797322273 2.5170872211    1.263  3.041  3.5523  0.660    3  0.000  0.407    44.52    27.40    18.29    14.23    11.60  2 -3.54e-09      0.00 6.914e-01 2.933e-01 2.042e-03 1.449e-03 6.695e-03 -1.000 1.527e-02 -2.831 2.655 0.786 -0.787 -1.933 -3.194 -4.563 -5.431 -5.680
0.0152 0.01508 9.67117 1.2797663212 2.5170912743    1.261  3.083  3.5478  0.599    3  0.000  0.407    50.50    30.61    20.33    15.85    12.92  2 -4.21e-09      0.00 6.914e-01 2.933e-01 2.042e-03 1.449e-03 6.695e-03 -1.000 1.527e-02 -2.938 2.655 0.831 -0.728 -1.923 -3.263 -4.684 -5.560 -5.817
0.0152 0.01508 9.67117 1.2797982693 2.5170950890    1.259  3.126  3.5432  0.537    3  0.000  0.407    57.34    34.23    22.62    17.66    14.40  2 -5.01e-09      0.00 6.914e-01 2.933e-01 2.042e-03 1.450e-03 6.695e-03 -1.000 1.527e-02 -3.045 2.654 0.890 -0.650 -1.901 -3.324 -4.807 -5.690 -5.954
0.0152 0.01508 9.67117 1.2798278332 2.5170986652    1.258  3.168  3.5385  0.475    3  0.000  0.407    65.01    38.23    25.13    19.66    16.03  2 -5.96e-09      0.00 6.914e-01 2.933e-01 2.042e-03 1.450e-03 6.695e-03 -1.000 1.527e-02 -3.150 2.655 0.962 -0.555 -1.870 -3.378 -4.927 -5.817 -6.090
0.0152 0.01508 9.67117 1.2798554897 2.5171017647    1.255  3.210  3.5338  0.414    3  0.000  0.407    73.65    42.67    27.91    21.87    17.84  2 -7.07e-09      0.00 6.914e-01 2.933e-01 2.042e-03 1.450e-03 6.695e-03 -1.000 1.527e-02 -3.254 2.657 1.058 -0.432 -1.822 -3.416 -5.047 -5.943 -6.225
0.0152 0.01508 9.67117 1.2798814774 2.5171048641    1.253  3.251  3.5290  0.353    3  0.000  0.407    83.48    47.63    31.01    24.33    19.85  2 -8.39e-09      0.00 6.914e-01 2.933e-01 2.042e-03 1.450e-03 6.695e-03 -1.000 1.527e-02 -3.357 2.660 1.165 -0.296 -1.766 -3.446 -5.167 -6.069 -6.359
0.0152 0.01508 9.67117 1.2799054384 2.5171077251    1.250  3.291  3.5242  0.293    3  0.000  0.407    94.43    53.08    34.38    27.03    22.06  2 -9.93e-09      0.00 6.914e-01 2.933e-01 2.042e-03 1.450e-03 6.695e-03 -1.000 1.527e-02 -3.457 2.664 1.301 -0.125 -1.689 -3.448 -5.283 -6.190 -6.491
0.0152 0.01508 9.67117 1.2799279690 2.5171105862    1.247  3.330  3.5194  0.233    3  0.000  0.407   106.70    59.10    38.09    29.99    24.49  2 -1.17e-08      0.00 6.914e-01 2.933e-01 2.042e-03 1.450e-03 6.695e-03 -1.000 1.527e-02 -3.555 2.671 1.450 0.061 -1.603 -3.440 -5.398 -6.310 -6.621
0.0152 0.01508 9.67117 1.2799493074 2.5171129704    1.244  3.368  3.5146  0.175    3  0.000  0.407   120.23    65.63    42.10    33.20    27.11  1 -1.38e-08      0.00 6.914e-01 2.933e-01 2.042e-03 1.450e-03 6.695e-03 -1.000 1.527e-02 -3.650 2.680 1.630 0.296 -1.486 -3.393 -5.509 -6.426 -6.747
0.0152 0.01508 9.67117 1.2799688578 2.5171153545    1.241  3.402  3.5103  0.123    3  0.000  0.407   133.65    72.01    46.00    36.33    29.67  1 -1.61e-08      0.00 6.914e-01 2.933e-01 2.042e-03 1.450e-03 6.695e-03 -1.000 1.527e-02 -3.734 2.689 1.792 0.507 -1.380 -3.351 -5.606 -6.528 -6.858
0.0152 0.01508 9.67117 1.2799688578 2.5171153545    1.241  1.724  3.6717  2.447    4  0.000  0.413     0.00     0.00     0.00     0.00     0.00 -1    -1e-30      0.00 6.878e-01 2.968e-01 2.085e-03 1.431e-03 6.721e-03 -1.000 1.541e-02 0.461 2.876 1.921 0.863 0.246 -0.249 -0.979 -1.560 -1.643
0.0152 0.01508 9.67117 1.2802226543 2.5171453953    1.241  1.735  3.6708  2.432    4  0.000  0.413     0.00     0.00     0.00     0.00     0.00 -1    -1e-30      0.00 6.878e-01 2.968e-01 2.084e-03 1.431e-03 6.721e-03 -1.000 1.541e-02 0.432 2.871 1.903 0.840 0.220 -0.277 -1.010 -1.594 -1.677
0.0152 0.01508 9.67117 1.2804839611 2.5171763897    1.241  1.740  3.6705  2.426    4  0.000  0.413     0.00     0.00     0.00     0.00     0.00 -1    -1e-30      0.00 6.878e-01 2.968e-01 2.084e-03 1.432e-03 6.721e-03 -1.000 1.541e-02 0.420 2.866 1.894 0.830 0.208 -0.289 -1.023 -1.608 -1.691
0.0152 0.01508 9.67117 1.2807474136 2.5172076225    1.241  1.740  3.6708  2.427    4  0.000  0.413     0.00     0.00     0.00     0.00     0.00 -1    -1e-30      0.00 6.878e-01 2.968e-01 2.084e-03 1.432e-03 6.721e-03 -1.000 1.541e-02 0.421 2.861 1.892 0.829 0.208 -0.288 -1.022 -1.606 -1.689
0.0152 0.01508 9.67117 1.2810145617 2.5172393322    1.242  1.738  3.6711  2.430    4  0.000  0.413     0.00     0.00     0.00     0.00     0.00 -1    -1e-30      0.00 6.878e-01 2.968e-01 2.084e-03 1.432e-03 6.721e-03 -1.000 1.541e-02 0.425 2.856 1.892 0.830 0.211 -0.285 -1.017 -1.600 -1.683
0.0152 0.01508 9.67117 1.2812753916 2.5172700882    1.242  1.736  3.6715  2.434    4  0.000  0.413     0.00     0.00     0.00     0.00     0.00 -1    -1e-30      0.00 6.878e-01 2.968e-01 2.083e-03 1.432e-03 6.721e-03 -1.000 1.541e-02 0.429 2.852 1.892 0.832 0.214 -0.281 -1.011 -1.593 -1.676
0.0152 0.01508 9.67117 1.2815425396 2.5173017979    1.242  1.735  3.6719  2.437    4  0.000  0.413     0.00     0.00     0.00     0.00     0.00 -1    -1e-30      0.00 6.878e-01 2.968e-01 2.083e-03 1.433e-03 6.721e-03 -1.000 1.541e-02 0.433 2.847 1.892 0.835 0.218 -0.276 -1.006 -1.586 -1.669
0.0152 0.01508 9.67117 1.2818078995 2.5173332691    1.243  1.733  3.6723  2.440    4  0.000  0.413     0.00     0.00     0.00     0.00     0.00 -1    -1e-30      0.00 6.878e-01 2.968e-01 2.083e-03 1.433e-03 6.721e-03 -1.000 1.541e-02 0.438 2.842 1.892 0.837 0.221 -0.272 -1.000 -1.580 -1.662
0.0152 0.01508 9.67117 1.2820705175 2.5173642635    1.243  1.731  3.6726  2.443    4  0.000  0.413     0.00     0.00     0.00     0.00     0.00 -1    -1e-30      0.00 6.878e-01 2.968e-01 2.083e-03 1.433e-03 6.721e-03 -1.000 1.541e-02 0.441 2.838 1.892 0.838 0.224 -0.269 -0.995 -1.574 -1.656
0.0152 0.01508 9.67117 1.2823374271 2.5173957348    1.243  1.730  3.6729  2.446    4  0.000  0.413     0.00     0.00     0.00     0.00     0.00 -1    -1e-30      0.00 6.878e-01 2.968e-01 2.082e-03 1.434e-03 6.721e-03 -1.000 1.541e-02 0.445 2.833 1.892 0.840 0.226 -0.265 -0.991 -1.568 -1.650
0.0152 0.01508 9.67117 1.2826104164 2.5174279213    1.244  1.729  3.6733  2.449    4  0.000  0.413     0.00     0.00     0.00     0.00     0.00 -1    -1e-30      0.00 6.878e-01 2.967e-01 2.082e-03 1.434e-03 6.721e-03 -1.000 1.541e-02 0.448 2.829 1.891 0.841 0.228 -0.263 -0.987 -1.564 -1.645
0.0152 0.01508 9.67117 1.2828677893 2.5174584389    1.244  1.728  3.6735  2.451    4  0.000  0.413     0.00     0.00     0.00     0.00     0.00 -1    -1e-30      0.00 6.879e-01 2.967e-01 2.082e-03 1.434e-03 6.721e-03 -1.000 1.541e-02 0.450 2.825 1.890 0.841 0.230 -0.261 -0.984 -1.560 -1.642
0.0152 0.01508 9.67117 1.2831214666 2.5174882412    1.244  1.727  3.6738  2.452    4  0.000  0.413     0.00     0.00     0.00     0.00     0.00 -1    -1e-30      0.00 6.879e-01 2.967e-01 2.082e-03 1.434e-03 6.721e-03 -1.000 1.541e-02 0.451 2.821 1.889 0.841 0.231 -0.260 -0.982 -1.557 -1.639
0.0152 0.01508 9.67117 1.2833917141 2.5175201893    1.244  1.727  3.6740  2.454    4  0.000  0.413     0.00     0.00     0.00     0.00     0.00 -1    -1e-30      0.00 6.879e-01 2.967e-01 2.082e-03 1.435e-03 6.721e-03 -1.000 1.541e-02 0.453 2.816 1.888 0.841 0.231 -0.258 -0.980 -1.554 -1.636
0.0152 0.01508 9.67117 1.2835978270 2.5175445080    1.245  1.727  3.6742  2.455    4  0.000  0.413     0.00     0.00     0.00     0.00     0.00 -1    -1e-30      0.00 6.879e-01 2.967e-01 2.081e-03 1.435e-03 6.721e-03 -1.000 1.541e-02 0.453 2.813 1.886 0.841 0.231 -0.258 -0.979 -1.552 -1.634
0.0152 0.01508 9.67117 1.2836583853 2.5175516605    1.245  1.727  3.6742  2.455    4  0.000  0.413     0.00     0.00     0.00     0.00     0.00 -1    -1e-30      0.00 6.879e-01 2.967e-01 2.081e-03 1.435e-03 6.721e-03 -1.000 1.541e-02 0.453 2.812 1.886 0.841 0.231 -0.258 -0.978 -1.552 -1.633
0.0152 0.01508 9.67117 1.2839341164 2.5175840855    1.245  1.726  3.6744  2.456    4  0.000  0.413     0.00     0.00     0.00     0.00     0.00 -1    -1e-30      0.00 6.879e-01 2.967e-01 2.081e-03 1.435e-03 6.721e-03 -1.000 1.541e-02 0.454 2.808 1.884 0.840 0.231 -0.258 -0.977 -1.551 -1.632
0.0152 0.01508 9.67117 1.2841889858 2.5176141262    1.245  1.726  3.6746  2.457    4  0.000  0.413     0.00     0.00     0.00     0.00     0.00 -1    -1e-30      0.00 6.879e-01 2.967e-01 2.081e-03 1.435e-03 6.721e-03 -1.000 1.541e-02 0.454 2.805 1.883 0.839 0.231 -0.258 -0.977 -1.550 -1.631
0.0152 0.01508 9.67117 1.2844421864 2.5176439285    1.246  1.727  3.6747  2.457    4  0.000  0.413     0.00     0.00     0.00     0.00     0.00 -1    -1e-30      0.00 6.879e-01 2.967e-01 2.081e-03 1.436e-03 6.721e-03 -1.000 1.541e-02 0.453 2.801 1.881 0.838 0.230 -0.258 -0.977 -1.549 -1.630
0.0152 0.01508 9.67117 1.2847170830 2.5176763535    1.246  1.727  3.6748  2.457    4  0.000  0.413     0.00     0.00     0.00     0.00     0.00 -1    -1e-30      0.00 6.879e-01 2.967e-01 2.080e-03 1.436e-03 6.721e-03 -1.000 1.541e-02 0.452 2.798 1.878 0.836 0.228 -0.260 -0.978 -1.550 -1.631
0.0152 0.01508 9.67117 1.2849873304 2.5177080631    1.246  1.728  3.6748  2.457    4  0.000  0.413     0.00     0.00     0.00     0.00     0.00 -1    -1e-30      0.00 6.879e-01 2.967e-01 2.080e-03 1.436e-03 6.721e-03 -1.000 1.541e-02 0.450 2.795 1.876 0.833 0.226 -0.262 -0.980 -1.552 -1.633
0.0152 0.01508 9.67117 1.2852605581 2.5177402496    1.247  1.729  3.6749  2.456    4  0.000  0.413     0.00     0.00     0.00     0.00     0.00 -1    -1e-30      0.00 6.879e-01 2.967e-01 2.080e-03 1.436e-03 6.721e-03 -1.000 1.541e-02 0.447 2.791 1.873 0.830 0.223 -0.264 -0.983 -1.554 -1.635
0.0152 0.01508 9.67117 1.2854982615 2.5177681446    1.247  1.730  3.6749  2.455    4  0.000  0.413     0.00     0.00     0.00     0.00     0.00 -1    -1e-30      0.00 6.879e-01 2.967e-01 2.080e-03 1.437e-03 6.721e-03 -1.000 1.541e-02 0.444 2.789 1.870 0.827 0.220 -0.267 -0.986 -1.557 -1.638
0.0152 0.01508 9.67117 1.2855231762 2.5177710056    1.247  1.730  3.6749  2.455    4  0.000  0.412     0.00     0.00     0.00     0.00     0.00 -1    -1e-30      0.00 6.879e-01 2.967e-01 2.080e-03 1.437e-03 6.721e-03 -1.000 1.541e-02 0.444 2.789 1.870 0.827 0.220 -0.268 -0.986 -1.558 -1.639
0.0152 0.01508 9.67117 1.2857763767 2.5178008080    1.247  1.732  3.6748  2.453    4  0.000  0.412     0.00     0.00     0.00     0.00     0.00 -1    -1e-30      0.00 6.879e-01 2.967e-01 2.080e-03 1.437e-03 6.721e-03 -1.000 1.541e-02 0.439 2.786 1.866 0.823 0.216 -0.272 -0.991 -1.563 -1.644
0.0152 0.01508 9.67117 1.2860382795 2.5178315639    1.247  1.735  3.6747  2.450    4  0.000  0.412     0.00     0.00     0.00     0.00     0.00 -1    -1e-30      0.00 6.879e-01 2.967e-01 2.079e-03 1.437e-03 6.721e-03 -1.000 1.541e-02 0.433 2.784 1.862 0.818 0.210 -0.278 -0.997 -1.569 -1.650
0.0152 0.01508 9.67117 1.2862997055 2.5178623199    1.248  1.737  3.6745  2.447    4  0.000  0.412     0.00     0.00     0.00     0.00     0.00 -1    -1e-30      0.00 6.879e-01 2.967e-01 2.079e-03 1.438e-03 6.721e-03 -1.000 1.541e-02 0.426 2.782 1.857 0.812 0.203 -0.285 -1.005 -1.578 -1.659
0.0152 0.01508 9.67117 1.2865551710 2.5178921223    1.248  1.741  3.6742  2.442    4  0.000  0.412     0.00     0.00     0.00     0.00     0.00 -1    -1e-30      0.00 6.879e-01 2.967e-01 2.079e-03 1.438e-03 6.721e-03 -1.000 1.541e-02 0.418 2.779 1.851 0.805 0.195 -0.294 -1.014 -1.588 -1.669
0.0152 0.01508 9.67117 1.2868125439 2.5179224014    1.248  1.745  3.6739  2.437    4  0.000  0.412     0.00     0.00     0.00     0.00     0.00 -1    -1e-30      0.00 6.879e-01 2.966e-01 2.079e-03 1.438e-03 6.721e-03 -1.000 1.541e-02 0.407 2.777 1.845 0.796 0.186 -0.304 -1.026 -1.600 -1.682
0.0152 0.01508 9.67117 1.2870662212 2.5179522038    1.249  1.750  3.6735  2.431    4  0.000  0.412     0.00     0.00     0.00     0.00     0.00 -1    -1e-30      0.00 6.879e-01 2.966e-01 2.078e-03 1.438e-03 6.721e-03 -1.000 1.541e-02 0.395 2.775 1.837 0.787 0.175 -0.316 -1.039 -1.614 -1.696
0.0152 0.01508 9.67117 1.2873250246 2.5179824829    1.249  1.756  3.6730  2.423    4  0.000  0.412     0.00     0.00     0.00     0.00     0.00 -1    -1e-30      0.00 6.880e-01 2.966e-01 2.078e-03 1.439e-03 6.721e-03 -1.000 1.541e-02 0.381 2.773 1.829 0.775 0.162 -0.330 -1.055 -1.632 -1.714
0.0152 0.01508 9.67117 1.2875829935 2.5180125237    1.249  1.762  3.6725  2.414    4  0.000  0.412     0.00     0.00     0.00     0.00     0.00 -1    -1e-30      0.00 6.880e-01 2.966e-01 2.078e-03 1.439e-03 6.721e-03 -1.000 1.541e-02 0.364 2.771 1.819 0.762 0.147 -0.346 -1.074 -1.652 -1.734
0.0152 0.01508 9.67117 1.2875841856 2.5180127621    1.249  1.762  3.6725  2.414    4  0.000  0.412     0.00     0.00     0.00     0.00     0.00 -1    -1e-30      0.00 6.880e-01 2.966e-01 2.078e-03 1.439e-03 6.721e-03 -1.000 1.541e-02 0.364 2.771 1.819 0.762 0.146 -0.346 -1.074 -1.652 -1.734
0.0152 0.01508 9.67117 1.2878400087 2.5180425644    1.250  1.769  3.6719  2.406    4  0.000  0.412     0.00     0.00     0.00     0.00     0.00 -1    -1e-30      0.00 6.880e-01 2.966e-01 2.078e-03 1.439e-03 6.721e-03 -1.000 1.541e-02 0.348 2.769 1.809 0.748 0.132 -0.362 -1.092 -1.672 -1.754
0.0152 0.01508 9.67117 1.2881029844 2.5180735588    1.250  1.775  3.6713  2.397    4  0.000  0.412     0.00     0.00     0.00     0.00     0.00 -1    -1e-30      0.00 6.880e-01 2.966e-01 2.077e-03 1.440e-03 6.721e-03 -1.000 1.541e-02 0.332 2.767 1.800 0.736 0.117 -0.378 -1.110 -1.691 -1.774
0.0152 0.01508 9.67117 1.2883590460 2.5181033611    1.250  1.801  3.6690  2.362    4  0.000  0.412     0.00     0.00     0.00     0.00     0.00 -1    -1e-30      0.00 6.880e-01 2.966e-01 2.077e-03 1.440e-03 6.721e-03 -1.000 1.541e-02 0.268 2.765 1.765 0.687 0.060 -0.440 -1.181 -1.769 -1.853
0.0152 0.01508 9.67117 1.2885801792 2.5181291103    1.250  1.840  3.6655  2.309    4  0.000  0.412     0.00     0.00     0.00     0.00     0.00 -1    -1e-30      0.00 6.880e-01 2.966e-01 2.077e-03 1.440e-03 6.721e-03 -1.000 1.541e-02 0.171 2.761 1.711 0.612 -0.027 -0.535 -1.289 -1.888 -1.974
0.0152 0.01508 9.67117 1.2886865139 2.5181417465    1.251  1.878  3.6620  2.257    4  0.000  0.412     0.00     0.00     0.00     0.00     0.00 -1    -1e-30      0.00 6.880e-01 2.966e-01 2.077e-03 1.440e-03 6.721e-03 -1.000 1.541e-02 0.075 2.757 1.659 0.539 -0.112 -0.628 -1.395 -2.004 -2.092
0.0152 0.01508 9.67117 1.2887408733 2.5181479454    1.251  1.916  3.6587  2.206    4  0.000  0.412     0.00     0.00     0.00     0.00     0.00 -1    -1e-30      0.00 6.880e-01 2.966e-01 2.077e-03 1.441e-03 6.721e-03 -1.000 1.541e-02 -0.020 2.755 1.608 0.468 -0.195 -0.719 -1.500 -2.118 -2.209
0.0152 0.01508 9.67117 1.2887721062 2.5181515217    1.251  1.957  3.6551  2.150    4  0.000  0.412     0.00     0.00     0.00     0.00     0.00 -1    -1e-30      0.00 6.880e-01 2.966e-01 2.076e-03 1.441e-03 6.721e-03 -1.000 1.541e-02 -0.123 2.754 1.554 0.391 -0.286 -0.818 -1.613 -2.242 -2.336
0.0152 0.01508 9.67117 1.2887871265 2.5181534290    1.251  1.996  3.6517  2.097    4  0.000  0.412     0.00     0.00     0.00     0.00     0.00 -1    -1e-30      0.00 6.880e-01 2.966e-01 2.076e-03 1.441e-03 6.721e-03 -1.000 1.541e-02 -0.221 2.753 1.501 0.318 -0.372 -0.913 -1.721 -2.361 -2.457
0.0152 0.01508 9.67117 1.2887953520 2.5181543827    1.251  2.035  3.6484  2.046    4  0.000  0.412     0.00     0.00     0.00     0.00     0.00 -1    -1e-30      0.00 6.880e-01 2.966e-01 2.076e-03 1.441e-03 6.721e-03 -1.000 1.541e-02 -0.317 2.753 1.451 0.247 -0.455 -1.005 -1.826 -2.476 -2.574
0.0152 0.01508 9.67117 1.2888005972 2.5181548595    1.251  2.072  3.6453  1.997    4  0.000  0.412     0.00     0.00     0.00     0.00     0.00 -1    -1e-30      0.00 6.880e-01 2.966e-01 2.076e-03 1.441e-03 6.721e-03 -1.000 1.541e-02 -0.409 2.754 1.405 0.180 -0.534 -1.092 -1.926 -2.586 -2.686
0.0152 0.01508 9.67117 1.2888023853 2.5181550980    1.251  2.086  3.6440  1.977    4  0.000  0.412     0.00     0.00     0.00     0.00     0.00 -1    -1e-30      0.00 6.880e-01 2.966e-01 2.076e-03 1.441e-03 6.721e-03 -1.000 1.541e-02 -0.445 2.746 1.387 0.153 -0.565 -1.126 -1.966 -2.627 -2.729
0.0152 0.01508 9.67117 1.2888025045 2.5181550980    1.251  2.087  3.6440  1.976    7  0.000  0.412     0.00     0.00     0.00     0.00     0.00 -1    -1e-30      0.00 6.880e-01 2.966e-01 2.076e-03 1.441e-03 6.721e-03 -1.000 1.541e-02 -0.447 2.746 1.386 0.151 -0.566 -1.128 -1.967 -2.629 -2.731
0.0152 0.01508 9.67117 1.2888051271 2.5181555748    1.251  2.113  3.6418  1.941    7  0.000  0.412     0.00     0.00     0.00     0.00     0.00 -1    -1e-30      0.00 6.880e-01 2.966e-01 2.076e-03 1.441e-03 6.721e-03 -1.000 1.541e-02 -0.512 2.731 1.353 0.102 -0.623 -1.189 -2.038 -2.703 -2.808
0.0152 0.01508 9.67117 1.2888096571 2.5181560516    1.251  2.159  3.6379  1.880    7  0.000  0.412     0.00     0.00     0.00     0.00     0.00 -1    -1e-30      0.00 6.880e-01 2.966e-01 2.076e-03 1.441e-03 6.721e-03 -1.000 1.541e-02 -0.628 2.702 1.294 0.015 -0.720 -1.297 -2.161 -2.833 -2.944
0.0152 0.01508 9.67117 1.2888135910 2.5181565285    1.251  2.194  3.6351  1.834    7  0.000  0.412     0.00     0.00     0.00     0.00     0.00 -1    -1e-30      0.00 6.880e-01 2.966e-01 2.076e-03 1.441e-03 6.721e-03 -1.000 1.541e-02 -0.714 2.679 1.251 -0.049 -0.792 -1.376 -2.253 -2.930 -3.046
0.0152 0.01508 9.67117 1.2888232470 2.5181577206    1.251  2.205  3.6342  1.819    7  0.000  0.412     0.00     0.00     0.00     0.00     0.00 -1    -1e-30      0.00 6.880e-01 2.966e-01 2.076e-03 1.441e-03 6.721e-03 -1.000 1.541e-02 -0.741 2.670 1.236 -0.070 -0.815 -1.401 -2.282 -2.960 -3.077
0.0152 0.01508 9.67117 1.2888300419 2.5181584358    1.251  2.177  3.6365  1.856    7  0.000  0.412     0.00     0.00     0.00     0.00     0.00 -1    -1e-30      0.00 6.880e-01 2.966e-01 2.076e-03 1.441e-03 6.721e-03 -1.000 1.541e-02 -0.674 2.688 1.270 -0.020 -0.758 -1.339 -2.210 -2.883 -2.997
0.0152 0.01508 9.67117 1.2888474464 2.5181603432    1.251  2.144  3.6393  1.900    7  0.000  0.412     0.00     0.00     0.00     0.00     0.00 -1 -2.67e-30      0.00 6.880e-01 2.966e-01 2.076e-03 1.441e-03 6.721e-03 -1.000 1.543e-02 -0.590 2.709 1.312 0.042 -0.689 -1.262 -2.121 -2.790 -2.899
0.0152 0.01508 9.67117 1.2889987230 2.5181779861    1.251  2.138  3.6398  1.909    7  0.000  0.412     0.00     0.00     0.00     0.00     0.00 -1 -2.45e-14      0.00 6.880e-01 2.960e-01 2.076e-03 1.441e-03 6.721e-03 -1.000 1.605e-02 -0.574 2.714 1.320 0.054 -0.676 -1.247 -2.104 -2.772 -2.880
0.0152 0.01508 9.67117 1.2891281843 2.5181932449    1.250  2.174  3.6366  1.859    7  0.000  0.412     0.00     0.00     0.00     0.00     0.00 -1 -4.12e-10      0.00 6.880e-01 2.958e-01 2.076e-03 1.441e-03 6.721e-03 -1.000 1.621e-02 -0.666 2.693 1.276 -0.013 -0.752 -1.332 -2.202 -2.876 -2.989
0.0152 0.01508 9.67117 1.2892324924 2.5182054043    1.250  2.218  3.6330  1.801    7  0.000  0.412     0.00     0.00     0.00     0.00     0.00 -1 -5.12e-10      0.00 6.880e-01 2.958e-01 2.076e-03 1.441e-03 6.721e-03 -1.000 1.621e-02 -0.774 2.664 1.221 -0.093 -0.841 -1.431 -2.317 -2.997 -3.116
0.0152 0.01508 9.67117 1.2893185616 2.5182154179    1.249  2.260  3.6295  1.745    7  0.000  0.412     0.00     0.00     0.00     0.00     0.00 -1 -6.32e-10      0.00 6.880e-01 2.958e-01 2.076e-03 1.441e-03 6.721e-03 -1.000 1.621e-02 -0.879 2.633 1.167 -0.171 -0.928 -1.527 -2.428 -3.114 -3.240
0.0152 0.01508 9.67117 1.2893911600 2.5182240009    1.249  2.301  3.6260  1.689    7  0.000  0.412     0.00     0.00     0.00     0.00     0.00 -1 -7.77e-10      0.00 6.880e-01 2.958e-01 2.076e-03 1.441e-03 6.721e-03 -1.000 1.621e-02 -0.983 2.598 1.113 -0.247 -1.012 -1.622 -2.539 -3.231 -3.362
0.0152 0.01508 9.67117 1.2894532681 2.5182311535    1.248  2.343  3.6225  1.634    7  0.000  0.412     0.00     0.00     0.00     0.00     0.00 -1 -9.56e-10      0.00 6.880e-01 2.958e-01 2.076e-03 1.442e-03 6.721e-03 -1.000 1.621e-02 -1.087 2.562 1.059 -0.322 -1.095 -1.716 -2.648 -3.346 -3.484
0.0152 0.01508 9.67117 1.2895075083 2.5182375908    1.248  2.384  3.6190  1.578    7  0.000  0.412     0.00     0.00     0.00     0.00     0.00 -1 -1.18e-09      0.00 6.880e-01 2.958e-01 2.076e-03 1.442e-03 6.721e-03 -1.000 1.621e-02 -1.190 2.524 1.005 -0.396 -1.177 -1.809 -2.757 -3.461 -3.606
0.0152 0.01508 9.67117 1.2895547152 2.5182430744    1.247  2.425  3.6156  1.523    7  0.000  0.412     0.00     0.00     0.00     0.00     0.00 -1 -1.44e-09      0.00 6.880e-01 2.958e-01 2.076e-03 1.442e-03 6.721e-03 -1.000 1.621e-02 -1.292 2.485 0.951 -0.468 -1.257 -1.900 -2.865 -3.575 -3.727
0.0152 0.01508 9.67117 1.2895964384 2.5182478428    1.246  2.465  3.6121  1.468    7  0.000  0.412     0.00     0.00     0.00     0.00     0.00 -1 -1.77e-09      0.00 6.880e-01 2.958e-01 2.075e-03 1.442e-03 6.721e-03 -1.000 1.621e-02 -1.394 2.475 0.904 -0.535 -1.335 -1.992 -2.973 -3.692 -3.850
0.0152 0.01508 9.67117 1.2896344662 2.5182523727    1.245  2.506  3.6086  1.414    7  0.000  0.412     9.42     6.99     4.96     3.79     3.07  4 -2.17e-09      0.00 6.880e-01 2.958e-01 2.075e-03 1.442e-03 6.721e-03 -1.000 1.621e-02 -1.495 2.484 0.862 -0.597 -1.412 -2.085 -3.082 -3.811 -3.974
0.0152 0.01508 9.67117 1.2896690369 2.5182564259    1.244  2.546  3.6051  1.359    7  0.000  0.412    10.54     7.72     5.45     4.17     3.38  4 -2.63e-09      0.00 6.880e-01 2.958e-01 2.075e-03 1.442e-03 6.721e-03 -1.000 1.617e-02 -1.596 2.494 0.823 -0.656 -1.485 -2.176 -3.191 -3.930 -4.098
0.0152 0.01508 9.67117 1.2897014618 2.5182600021    1.243  2.587  3.6008  1.301    7  0.000  0.411    11.87     8.56     6.02     4.61     3.74  4 -3.21e-09      0.00 6.880e-01 2.958e-01 2.074e-03 1.442e-03 6.721e-03 -1.000 1.617e-02 -1.696 2.524 0.797 -0.704 -1.552 -2.265 -3.301 -4.052 -4.226
0.0152 0.01508 9.67117 1.2897245884 2.5182628632    1.243  2.617  3.5952  1.248    7  0.000  0.411    13.24     9.43     6.60     5.06     4.11  4 -3.71e-09      0.00 6.880e-01 2.958e-01 2.073e-03 1.443e-03 6.721e-03 -1.000 1.617e-02 -1.773 2.594 0.818 -0.704 -1.575 -2.325 -3.389 -4.157 -4.339
0.0152 0.01508 9.67117 1.2897534370 2.5182662010    1.241  2.657  3.5913  1.192    7  0.000  0.411    14.85    10.43     7.27     5.58     4.54  4 -4.52e-09      0.00 6.880e-01 2.958e-01 2.072e-03 1.444e-03 6.721e-03 -1.000 1.617e-02 -1.873 2.608 0.790 -0.749 -1.638 -2.414 -3.499 -4.277 -4.465
0.0152 0.01508 9.67117 1.2897808552 2.5182693005    1.240  2.698  3.5876  1.136    7  0.000  0.410    16.65    11.54     8.00     6.15     5.00  4 -5.48e-09      0.00 6.880e-01 2.958e-01 2.068e-03 1.448e-03 6.721e-03 -1.000 1.621e-02 -1.974 2.613 0.761 -0.792 -1.698 -2.504 -3.609 -4.397 -4.590
0.0152 0.01508 9.67117 1.2898063660 2.5182723999    1.238  2.737  3.5839  1.081    7  0.000  0.409    18.64    12.74     8.80     6.77     5.51  3 -6.58e-09      0.00 6.880e-01 2.958e-01 2.063e-03 1.453e-03 6.721e-03 -1.000 1.621e-02 -2.073 2.618 0.736 -0.830 -1.754 -2.591 -3.716 -4.514 -4.713
0.0152 0.01508 9.67117 1.2898322344 2.5182752609    1.236  2.777  3.5800  1.025    7  0.000  0.408    20.91    14.10     9.69     7.47     6.08  3 -7.99e-09      0.00 6.880e-01 2.958e-01 2.058e-03 1.459e-03 6.721e-03 -1.000 1.621e-02 -2.174 2.627 0.714 -0.866 -1.809 -2.678 -3.826 -4.634 -4.839
0.0152 0.01508 9.67117 1.2898565531 2.5182781219    1.233  2.818  3.5760  0.967    7  0.000  0.407    23.54    15.64    10.70     8.27     6.73  3 -9.69e-09      0.00 6.880e-01 2.958e-01 2.054e-03 1.465e-03 6.721e-03 -1.000 1.621e-02 -2.275 2.633 0.705 -0.881 -1.847 -2.764 -3.938 -4.756 -4.967
0.0152 0.01508 9.67117 1.2898752689 2.5182802677    1.231  2.859  3.5719  0.909    7  0.000  0.406    26.52    17.37    11.83     9.15     7.45  3 -1.18e-08      0.00 6.879e-01 2.959e-01 2.049e-03 1.469e-03 6.721e-03 -1.000 1.621e-02 -2.378 2.641 0.699 -0.896 -1.886 -2.851 -4.052 -4.879 -5.097
0.0152 0.01508 9.67117 1.2898871899 2.5182816982    1.229  2.898  3.5678  0.853    7  0.000  0.406    29.72    19.20    13.02    10.09     8.21  3 -1.41e-08      0.00 6.879e-01 2.959e-01 2.046e-03 1.474e-03 6.721e-03 -1.000 1.621e-02 -2.475 2.648 0.702 -0.895 -1.912 -2.930 -4.161 -4.997 -5.221
0.0152 0.01508 9.67117 1.2898964882 2.5182828903    1.228  2.935  3.5639  0.799    7  0.000  0.405    33.18    21.16    14.28    11.08     9.02  3 -1.67e-08      0.00 6.879e-01 2.959e-01 2.043e-03 1.477e-03 6.721e-03 -1.000 1.621e-02 -2.568 2.653 0.714 -0.881 -1.927 -3.003 -4.266 -5.110 -5.340
0.0152 0.01508 9.67117 1.2899048328 2.5182838440    1.226  2.973  3.5597  0.744    7  0.000  0.405    37.18    23.38    15.70    12.20     9.94  3 -1.98e-08      0.00 6.879e-01 2.959e-01 2.041e-03 1.480e-03 6.721e-03 -1.000 1.621e-02 -2.663 2.661 0.731 -0.862 -1.939 -3.076 -4.374 -5.226 -5.463
0.0152 0.01508 9.67117 1.2899124622 2.5182847977    1.224  3.011  3.5554  0.688    7  0.000  0.404    41.67    25.84    17.28    13.45    10.96  2 -2.35e-08      0.00 6.879e-01 2.959e-01 2.039e-03 1.482e-03 6.721e-03 -1.000 1.621e-02 -2.758 2.666 0.767 -0.816 -1.934 -3.142 -4.481 -5.342 -5.586
0.0152 0.01508 9.67117 1.2899194956 2.5182855129    1.222  3.048  3.5511  0.633    7  0.000  0.404    46.63    28.52    18.99    14.80    12.06  2 -2.76e-08      0.00 6.879e-01 2.959e-01 2.038e-03 1.484e-03 6.721e-03 -1.000 1.617e-02 -2.851 2.673 0.806 -0.767 -1.925 -3.206 -4.586 -5.456 -5.707
0.0152 0.01508 9.67117 1.2899260521 2.5182862282    1.220  3.085  3.5469  0.579    7  0.000  0.404    52.12    31.45    20.85    16.28    13.26  2 -3.26e-08      0.00 6.879e-01 2.959e-01 2.037e-03 1.486e-03 6.721e-03 -1.000 1.617e-02 -2.942 2.677 0.860 -0.697 -1.903 -3.258 -4.691 -5.568 -5.827
0.0152 0.01508 9.67117 1.2899332047 2.5182871819    1.217  3.123  3.5422  0.521    7  0.000  0.404    58.71    34.92    23.03    18.01    14.68  2 -3.88e-08      0.00 6.879e-01 2.959e-01 2.036e-03 1.486e-03 6.721e-03 -1.000 1.617e-02 -3.038 2.685 0.932 -0.604 -1.868 -3.307 -4.802 -5.687 -5.953
0.0152 0.01508 9.67117 1.2899408340 2.5182878971    1.213  3.163  3.5373  0.460    7  0.000  0.404    66.44    38.92    25.55    20.01    16.32  2 -4.59e-08      0.00 6.879e-01 2.959e-01 2.036e-03 1.486e-03 6.721e-03 -1.000 1.617e-02 -3.137 2.695 1.027 -0.483 -1.817 -3.347 -4.917 -5.809 -6.084
0.0152 0.01508 9.67117 1.2899496555 2.5182890892    1.208  3.201  3.5323  0.400    7  0.000  0.404    75.16    43.36    28.32    22.22    18.12  2  -5.5e-08      0.00 6.879e-01 2.959e-01 2.036e-03 1.486e-03 6.721e-03 -1.000 1.617e-02 -3.233 2.707 1.140 -0.341 -1.753 -3.375 -5.031 -5.929 -6.214
0.0152 0.01508 9.67117 1.2899582386 2.5182900429    1.201  3.238  3.5275  0.342    7  0.000  0.404    84.60    48.08    31.26    24.57    20.04  2 -6.53e-08      0.00 6.879e-01 2.959e-01 2.036e-03 1.486e-03 6.721e-03 -1.000 1.617e-02 -3.324 2.719 1.270 -0.178 -1.676 -3.381 -5.139 -6.043 -6.336
0.0152 0.01508 9.67117 1.2899624109 2.5182905197    1.198  3.259  3.5246  0.308    7  0.000  0.404    90.61    51.06    33.10    26.04    21.25  2  -7.2e-08      0.00 6.879e-01 2.959e-01 2.036e-03 1.486e-03 6.721e-03 -1.000 1.617e-02 -3.376 2.727 1.358 -0.068 -1.624 -3.375 -5.201 -6.108 -6.407
0.0152 0.01508 9.67117 1.2899643183 2.5182907581    1.196  3.249  3.5257  0.322    7  0.000  0.404    88.13    49.83    32.34    25.43    20.75  2  -6.9e-08      0.00 6.879e-01 2.959e-01 2.036e-03 1.486e-03 6.721e-03 -1.000 1.617e-02 -3.353 2.727 1.327 -0.107 -1.641 -3.374 -5.173 -6.079 -6.376
0.0152 0.01508 9.67117 1.2899647951 2.5182907581    1.196  3.224  3.5289  0.359    7  0.000  0.404    81.56    46.56    30.30    23.81    19.42  2 -6.23e-08      0.00 6.879e-01 2.959e-01 2.036e-03 1.486e-03 6.721e-03 -1.000 1.617e-02 -3.291 2.722 1.233 -0.226 -1.696 -3.378 -5.100 -6.003 -6.293
0.0152 0.01508 9.67117 1.2899649143 2.5182907581    1.196  3.210  3.5307  0.380    7  0.000  0.404    78.10    44.82    29.22    22.95    18.72  2 -5.85e-08      0.00 6.879e-01 2.959e-01 2.036e-03 1.486e-03 6.721e-03 -1.000 1.617e-02 -3.256 2.719 1.186 -0.285 -1.723 -3.375 -5.059 -5.960 -6.247
0.0152 0.01508 9.67117 1.2899650335 2.5182907581    1.196  3.134  3.5402  0.494    7  0.000  0.404    61.74    36.47    24.00    18.79    15.32  2 -4.25e-08      0.00 6.879e-01 2.959e-01 2.036e-03 1.486e-03 6.721e-03 -1.000 1.617e-02 -3.065 2.705 0.979 -0.548 -1.837 -3.314 -4.836 -5.724 -5.994
0.0152 0.01508 9.67117 1.2899651527 2.5182907581    1.196  3.218  3.5297  0.369    7  0.000  0.404    79.98    45.76    29.81    23.42    19.10  2 -6.06e-08      0.00 6.879e-01 2.959e-01 2.036e-03 1.486e-03 6.721e-03 -1.000 1.617e-02 -3.275 2.721 1.209 -0.256 -1.710 -3.379 -5.082 -5.983 -6.272
0.0152 0.01508 9.67117 1.2899652719 2.5182907581    1.196  3.184  3.5341  0.421    7  0.000  0.404    71.87    41.66    27.26    21.38    17.44  2 -5.26e-08      0.00 6.879e-01 2.959e-01 2.036e-03 1.486e-03 6.721e-03 -1.000 1.617e-02 -3.189 2.713 1.109 -0.383 -1.767 -3.356 -4.981 -5.877 -6.158
0.0152 0.01508 9.67117 1.2899653912 2.5182907581    1.196  3.193  3.5329  0.406    7  0.000  0.404    74.01    42.75    27.94    21.93    17.88  2 -5.45e-08      0.00 6.879e-01 2.959e-01 2.036e-03 1.486e-03 6.721e-03 -1.000 1.617e-02 -3.213 2.715 1.136 -0.349 -1.752 -3.363 -5.008 -5.906 -6.189
0.0152 0.01508 9.67117 1.2899657488 2.5182909966    1.195  3.217  3.5299  0.370    7  0.000  0.404    79.73    45.64    29.73    23.36    19.05  2 -6.04e-08      0.00 6.879e-01 2.959e-01 2.036e-03 1.486e-03 6.721e-03 -1.000 1.617e-02 -3.272 2.721 1.205 -0.261 -1.713 -3.379 -5.079 -5.980 -6.269
0.0152 0.01508 9.67117 1.2899659872 2.5182909966    1.195  3.246  3.5260  0.325    7  0.000  0.404    87.49    49.51    32.14    25.28    20.62  2 -6.84e-08      0.00 6.879e-01 2.959e-01 2.036e-03 1.486e-03 6.721e-03 -1.000 1.617e-02 -3.346 2.728 1.319 -0.117 -1.645 -3.373 -5.166 -6.071 -6.368
0.0152 0.01508 9.67117 1.2899663448 2.5182909966    1.195  3.279  3.5218  0.276    7  0.000  0.404    96.86    54.13    34.99    27.56    22.49  2 -7.85e-08      0.00 6.879e-01 2.959e-01 2.036e-03 1.486e-03 6.721e-03 -1.000 1.617e-02 -3.427 2.736 1.446 0.041 -1.571 -3.367 -5.261 -6.171 -6.476
0.0152 0.01508 9.67117 1.2899668217 2.5182909966    1.194  3.310  3.5176  0.228    7  0.000  0.404   106.94    59.04    38.02    29.98    24.47  2 -8.88e-08      0.00 6.879e-01 2.959e-01 2.036e-03 1.486e-03 6.721e-03 -1.000 1.617e-02 -3.505 2.747 1.595 0.231 -1.475 -3.337 -5.353 -6.267 -6.581
0.0152 0.01508 9.67117 1.2899674177 2.5182909966    1.194  3.345  3.5128  0.174    7  0.000  0.404   119.55    65.10    41.74    32.96    26.91  1 -1.03e-07      0.00 6.879e-01 2.959e-01 2.036e-03 1.486e-03 6.721e-03 -1.000 1.617e-02 -3.591 2.761 1.782 0.474 -1.349 -3.281 -5.455 -6.375 -6.699
0.0152 0.01508 9.67117 1.2899682522 2.5182912350    1.193  3.381  3.5077  0.116    7  0.529  0.404   134.51    72.18    46.06    36.43    29.75  1  -1.2e-07      0.00 6.879e-01 2.959e-01 2.036e-03 1.486e-03 6.721e-03 -1.000 1.617e-02 -3.683 2.771 1.962 0.708 -1.229 -3.226 -5.563 -6.487 -6.822
0.0152 0.01508 9.67117 1.2899692059 2.5182912350    1.191  3.414  3.5029  0.064    7  0.529  0.404   149.83    79.33    50.41    39.93    32.61  1 -1.36e-07      0.00 6.879e-01 2.959e-01 2.036e-03 1.486e-03 6.721e-03 -1.000 1.617e-02 -3.764 2.779 2.120 0.913 -1.122 -3.169 -5.659 -6.589 -6.932
0.0152 0.01508 9.67117 1.2899705172 2.5182914734    1.189  3.445  3.4982  0.013    7  0.529  0.404   166.41    86.96    55.03    43.65    35.66  1 -1.57e-07      0.00 6.879e-01 2.959e-01 2.036e-03 1.486e-03 6.721e-03 -1.000 1.617e-02 -3.843 2.791 2.282 1.115 -1.011 -3.103 -5.752 -6.687 -7.040
0.0152 0.01508 9.67117 1.2899715900 2.5182914734    1.186  3.461  3.4957 -0.014    8  0.528  0.425   175.83    91.24    57.61    45.73    37.36  1 -1.68e-07      0.00 6.879e-01 2.967e-01 2.145e-03 1.488e-03 6.736e-03 -1.000 1.536e-02 -3.883 2.796 2.359 1.207 -0.960 -3.068 -5.799 -6.738 -7.095
0.0152 0.01508 9.67117 1.2899717093 2.5182917118    1.186  3.209  3.5295  0.373    8  0.529  0.425    79.13    45.31    29.53    23.20    18.92  2 -6.01e-08      0.00 6.879e-01 2.967e-01 2.145e-03 1.488e-03 6.736e-03 -1.000 1.536e-02 -3.253 2.742 1.240 -0.221 -1.679 -3.352 -5.060 -5.962 -6.252
0.0152 0.01508 9.67117 1.2899718285 2.5182917118    1.186  3.105  3.5431  0.531    8  0.529  0.425    57.06    34.02    22.46    17.57    14.32  2 -3.88e-08      0.00 6.879e-01 2.967e-01 2.145e-03 1.488e-03 6.736e-03 -1.000 1.536e-02 -2.993 2.711 0.945 -0.595 -1.847 -3.271 -4.754 -5.637 -5.902
0.0152 0.01508 9.67117 1.2899720669 2.5182917118    1.185  2.921  3.5672  0.812    8  0.529  0.425    32.00    20.49    13.84    10.75     8.75  3 -1.75e-08      0.00 6.879e-01 2.967e-01 2.145e-03 1.488e-03 6.736e-03 -1.000 1.536e-02 -2.532 2.632 0.670 -0.934 -1.958 -2.984 -4.221 -5.056 -5.282
0.0152 0.01508 9.67117 1.2899724245 2.5182917118    1.185  2.939  3.5647  0.784    8  0.529  0.425    33.89    21.55    14.52    11.29     9.19  3 -1.89e-08      0.00 6.879e-01 2.967e-01 2.145e-03 1.488e-03 6.736e-03 -1.000 1.536e-02 -2.576 2.646 0.690 -0.912 -1.953 -3.015 -4.272 -5.113 -5.343
0.0152 0.01508 9.67117 1.2899730206 2.5182917118    1.184  3.054  3.5493  0.607    8  0.529  0.425    48.83    29.68    19.71    15.39    12.54  2 -3.13e-08      0.00 6.879e-01 2.967e-01 2.145e-03 1.488e-03 6.736e-03 -1.000 1.536e-02 -2.865 2.703 0.853 -0.716 -1.892 -3.205 -4.606 -5.479 -5.733
0.0152 0.01508 9.67117 1.2899736166 2.5182917118    1.183  3.208  3.5288  0.370    8  0.529  0.425    79.62    45.55    29.67    23.32    19.02  2 -6.03e-08      0.00 6.879e-01 2.967e-01 2.145e-03 1.488e-03 6.736e-03 -1.000 1.536e-02 -3.251 2.755 1.276 -0.178 -1.650 -3.334 -5.061 -5.964 -6.254
0.0152 0.01508 9.67117 1.2899743319 2.5182919502    1.181  3.338  3.5113  0.169    8  0.529  0.425   120.36    65.43    41.93    33.13    27.04  1 -1.03e-07      0.00 6.879e-01 2.967e-01 2.145e-03 1.488e-03 6.736e-03 -1.000 1.536e-02 -3.576 2.797 1.876 0.589 -1.269 -3.222 -5.444 -6.366 -6.693
0.0152 0.01508 9.67117 1.2899751663 2.5182919502    1.180  3.422  3.4999  0.040    8  0.529  0.425   157.22    82.68    52.43    41.57    33.95  1 -1.46e-07      0.00 6.879e-01 2.967e-01 2.145e-03 1.488e-03 6.736e-03 -1.000 1.536e-02 -3.785 2.809 2.250 1.074 -1.021 -3.099 -5.689 -6.622 -6.971
0.0152 0.01508 9.67117 1.2899762392 2.5182921886    1.178  3.464  3.4940 -0.027    8  0.530  0.425   180.38    93.24    58.80    46.71    38.16  1 -1.73e-07      0.00 6.879e-01 2.967e-01 2.145e-03 1.488e-03 6.736e-03 -1.000 1.536e-02 -3.890 2.815 2.432 1.292 -0.903 -3.023 -5.812 -6.752 -7.112
0.0152 0.01508 9.67117 1.2899773121 2.5182921886    1.176  3.481  3.4912 -0.056    8  0.530  0.425   191.56    98.26    61.83    49.15    40.16  1 -1.87e-07      0.00 6.879e-01 2.967e-01 2.145e-03 1.488e-03 6.736e-03 -1.000 1.536e-02 -3.934 2.823 2.521 1.399 -0.842 -2.982 -5.864 -6.807 -7.172
0.0152 0.01508 9.67117 1.2899786234 2.5182924271    1.174  3.489  3.4896 -0.071    8  0.530  0.425   197.55   100.93    63.42    50.44    41.22  1 -1.93e-07      0.00 6.879e-01 2.967e-01 2.145e-03 1.488e-03 6.736e-03 -1.000 1.536e-02 -3.953 2.829 2.571 1.454 -0.809 -2.958 -5.889 -6.833 -7.201
0.0152 0.01508 9.67117 1.2899786234 2.5182924271    1.173  3.302  3.5141  0.214    8  0.530  0.425   109.67    60.28    38.77    30.60    24.97  2 -9.05e-08      0.00 6.879e-01 2.967e-01 2.145e-03 1.488e-03 6.736e-03 -1.000 1.536e-02 -3.486 2.817 1.799 0.483 -1.305 -3.215 -5.345 -6.264 -6.584
0.0152 0.01508 9.67117 1.2899788618 2.5182924271    1.173  3.140  3.5354  0.461    8  0.530  0.425    65.77    38.52    25.27    19.82    16.16  2 -4.61e-08      0.00 6.879e-01 2.967e-01 2.145e-03 1.488e-03 6.736e-03 -1.000 1.536e-02 -3.079 2.774 1.154 -0.339 -1.699 -3.263 -4.866 -5.761 -6.039
0.0152 0.01508 9.67117 1.2899791002 2.5182924271    1.172  2.956  3.5595  0.741    8  0.531  0.425    36.92    23.23    15.59    12.14     9.88  2  -2.1e-08      0.00 6.879e-01 2.967e-01 2.145e-03 1.488e-03 6.736e-03 -1.000 1.536e-02 -2.620 2.709 0.779 -0.813 -1.892 -3.032 -4.331 -5.184 -5.421
0.0152 0.01508 9.67117 1.2899795771 2.5182924271    1.172  2.974  3.5570  0.713    8  0.531  0.425    39.15    24.45    16.38    12.76    10.39  2 -2.28e-08      0.00 6.879e-01 2.967e-01 2.145e-03 1.488e-03 6.736e-03 -1.000 1.536e-02 -2.666 2.718 0.809 -0.777 -1.879 -3.061 -4.384 -5.242 -5.483
0.0152 0.01508 9.67117 1.2899801731 2.5182926655    1.170  3.089  3.5418  0.536    8  0.531  0.425    56.30    33.61    22.19    17.37    14.15  2 -3.75e-08      0.00 6.879e-01 2.967e-01 2.145e-03 1.488e-03 6.736e-03 -1.000 1.536e-02 -2.953 2.763 1.026 -0.503 -1.770 -3.218 -4.718 -5.604 -5.871
0.0152 0.01508 9.67117 1.2899808884 2.5182926655    1.169  3.243  3.5214  0.301    8  0.531  0.425    91.50    51.42    33.30    26.23    21.40  2 -7.15e-08      0.00 6.879e-01 2.967e-01 2.145e-03 1.488e-03 6.736e-03 -1.000 1.536e-02 -3.336 2.809 1.541 0.146 -1.468 -3.269 -5.172 -6.083 -6.388
0.0152 0.01508 9.67117 1.2899816036 2.5182926655    1.167  3.372  3.5041  0.102    8  0.531  0.425   138.07    73.71    46.97    37.20    30.37  1 -1.22e-07      0.00 6.879e-01 2.967e-01 2.145e-03 1.488e-03 6.736e-03 -1.000 1.536e-02 -3.661 2.836 2.143 0.929 -1.074 -3.106 -5.552 -6.481 -6.820
0.0152 0.01508 9.67117 1.2899826765 2.5182929039    1.166  3.456  3.4928 -0.028    8  0.532  0.425   180.40    93.15    58.73    46.67    38.13  1 -1.72e-07      0.00 6.879e-01 2.967e-01 2.145e-03 1.488e-03 6.736e-03 -1.000 1.536e-02 -3.870 2.845 2.496 1.366 -0.844 -2.971 -5.795 -6.737 -7.098
0.0152 0.01508 9.67117 1.2899837494 2.5182929039    1.163  3.499  3.4868 -0.096    8  0.532  0.425   205.60   105.24    65.99    52.54    42.93  1 -2.06e-07      0.00 6.879e-01 2.967e-01 2.145e-03 1.488e-03 6.736e-03 -1.000 1.536e-02 -3.977 2.846 2.636 1.507 -0.769 -2.924 -5.921 -6.867 -7.239
0.0152 0.01508 9.67117 1.2899849415 2.5182931423    1.161  3.518  3.4840 -0.127    8  0.532  0.425   215.32   111.28    69.60    55.46    45.32  1 -2.23e-07      0.00 6.879e-01 2.967e-01 2.145e-03 1.488e-03 6.736e-03 -1.000 1.536e-02 -4.024 2.847 2.687 1.543 -0.748 -2.909 -5.976 -6.925 -7.302
0.0152 0.01508 9.67117 1.2899863720 2.5182933807    1.158  3.527  3.4823 -0.144    8  0.533  0.425   220.86   114.78    71.69    57.15    46.71  1 -2.33e-07      0.00 6.879e-01 2.967e-01 2.145e-03 1.488e-03 6.736e-03 -1.000 1.536e-02 -4.048 2.851 2.721 1.568 -0.732 -2.896 -6.005 -6.955 -7.335
0.0152 0.01508 9.67117 1.2899864912 2.5182933807    1.158  3.347  3.5061  0.131    8  0.533  0.425   129.84    69.80    44.58    35.28    28.80  1 -1.13e-07      0.00 6.879e-01 2.967e-01 2.145e-03 1.488e-03 6.736e-03 -1.000 1.536e-02 -3.598 2.855 2.105 0.875 -1.089 -3.100 -5.483 -6.410 -6.746
0.0152 0.01508 9.67117 1.2899866104 2.5182933807    1.157  3.186  3.5275  0.378    8  0.533  0.425    77.94    44.66    29.10    22.88    18.66  2 -5.81e-08      0.00 6.879e-01 2.967e-01 2.145e-03 1.488e-03 6.736e-03 -1.000 1.536e-02 -3.194 2.819 1.386 -0.053 -1.547 -3.251 -5.008 -5.914 -6.206
0.0152 0.01508 9.67117 1.2899869680 2.5182933807    1.156  3.002  3.5518  0.658    8  0.533  0.425    43.66    26.89    17.93    13.99    11.39  2 -2.67e-08      0.00 6.879e-01 2.967e-01 2.145e-03 1.488e-03 6.736e-03 -1.000 1.536e-02 -2.735 2.761 0.899 -0.672 -1.823 -3.094 -4.469 -5.338 -5.587
0.0152 0.01508 9.67117 1.2899874449 2.5182933807    1.155  3.020  3.5493  0.630    8  0.533  0.425    46.26    28.29    18.82    14.70    11.97  2  -2.9e-08      0.00 6.879e-01 2.967e-01 2.145e-03 1.488e-03 6.736e-03 -1.000 1.536e-02 -2.780 2.770 0.932 -0.630 -1.806 -3.120 -4.521 -5.395 -5.648
0.0152 0.01508 9.67117 1.2899880409 2.5182933807    1.154  3.133  3.5342  0.456    8  0.533  0.425    66.22    38.72    25.39    19.92    16.24  2 -4.69e-08      0.00 6.879e-01 2.967e-01 2.145e-03 1.488e-03 6.736e-03 -1.000 1.536e-02 -3.062 2.810 1.220 -0.263 -1.642 -3.228 -4.852 -5.750 -6.030
0.0152 0.01508 9.67117 1.2899888754 2.5182936192    1.152  3.283  3.5140  0.224    8  0.534  0.425   106.87    58.85    37.87    29.90    24.40  2  -8.8e-08      0.00 6.879e-01 2.967e-01 2.145e-03 1.488e-03 6.736e-03 -1.000 1.536e-02 -3.438 2.856 1.847 0.535 -1.253 -3.165 -5.297 -6.217 -6.537
0.0152 0.01508 9.67117 1.2899898291 2.5182936192    1.150  3.410  3.4969  0.028    8  0.534  0.425   160.22    83.85    53.10    42.15    34.42  1 -1.48e-07      0.00 6.879e-01 2.967e-01 2.145e-03 1.488e-03 6.736e-03 -1.000 1.536e-02 -3.755 2.874 2.408 1.257 -0.883 -2.981 -5.667 -6.605 -6.958
0.0152 0.01508 9.67117 1.2899909019 2.5182938576    1.147  3.491  3.4857 -0.099    8  0.535  0.425   205.44   105.43    66.09    52.64    43.01  1 -2.06e-07      0.00 6.879e-01 2.967e-01 2.145e-03 1.488e-03 6.736e-03 -1.000 1.536e-02 -3.958 2.875 2.686 1.553 -0.726 -2.882 -5.905 -6.852 -7.226
0.0152 0.01508 9.67117 1.2899922132 2.5182940960    1.144  3.532  3.4798 -0.165    8  0.535  0.425   226.65   118.65    73.98    59.03    48.25  1 -2.45e-07      0.00 6.879e-01 2.967e-01 2.145e-03 1.488e-03 6.736e-03 -1.000 1.536e-02 -4.061 2.874 2.786 1.622 -0.689 -2.857 -6.025 -6.977 -7.361
0.0152 0.01508 9.67117 1.2899936438 2.5182940960    1.141  3.550  3.4771 -0.194    8  0.536  0.425   236.67   125.03    77.76    62.11    50.76  1 -2.64e-07      0.00 6.879e-01 2.967e-01 2.145e-03 1.488e-03 6.736e-03 -1.000 1.536e-02 -4.104 2.874 2.822 1.644 -0.678 -2.854 -6.076 -7.029 -7.417
0.0152 0.01508 9.67117 1.2899951935 2.5182943344    1.138  3.558  3.4756 -0.209    8  0.536  0.425   242.02   128.50    79.82    63.78    52.13  1 -2.75e-07      0.00 6.879e-01 2.967e-01 2.145e-03 1.488e-03 6.736e-03 -1.000 1.536e-02 -4.125 2.877 2.845 1.658 -0.669 -2.849 -6.101 -7.055 -7.445
0.0152 0.01508 9.67117 1.2899953127 2.5182943344    1.137  3.387  3.4987  0.053    8  0.536  0.425   151.85    79.91    50.71    40.24    32.85  1 -1.39e-07      0.00 6.879e-01 2.967e-01 2.145e-03 1.488e-03 6.736e-03 -1.000 1.536e-02 -3.698 2.892 2.374 1.213 -0.896 -2.981 -5.606 -6.541 -6.891
0.0152 0.01508 9.67117 1.2899954319 2.5182943344    1.136  3.227  3.5203  0.300    8  0.536  0.425    91.18    51.17    33.13    26.12    21.30  2 -7.26e-08      0.00 6.879e-01 2.967e-01 2.145e-03 1.488e-03 6.736e-03 -1.000 1.536e-02 -3.297 2.862 1.632 0.249 -1.387 -3.206 -5.136 -6.049 -6.356
0.0152 0.01508 9.67117 1.2899957895 2.5182943344    1.135  3.044  3.5450  0.582    8  0.536  0.425    50.88    30.73    20.36    15.93    12.97  2 -3.38e-08      0.00 6.879e-01 2.967e-01 2.145e-03 1.488e-03 6.736e-03 -1.000 1.536e-02 -2.839 2.801 1.023 -0.519 -1.747 -3.136 -4.594 -5.475 -5.736
0.0152 0.01508 9.67117 1.2899962664 2.5182945728    1.134  3.061  3.5426  0.554    8  0.537  0.425    53.90    32.32    21.36    16.73    13.63  2 -3.65e-08      0.00 6.879e-01 2.967e-01 2.145e-03 1.488e-03 6.736e-03 -1.000 1.536e-02 -2.883 2.810 1.067 -0.464 -1.722 -3.156 -4.646 -5.531 -5.796
0.0152 0.01508 9.67117 1.2899969816 2.5182945728    1.132  3.172  3.5274  0.382    8  0.537  0.425    76.85    44.05    28.71    22.59    18.41  2 -5.84e-08      0.00 6.879e-01 2.967e-01 2.145e-03 1.488e-03 6.736e-03 -1.000 1.536e-02 -3.159 2.851 1.420 -0.017 -1.512 -3.215 -4.973 -5.879 -6.171
0.0152 0.01508 9.67117 1.2899978161 2.5182945728    1.130  3.318  3.5073  0.154    8  0.537  0.425   123.22    66.54    42.57    33.70    27.50  1 -1.07e-07      0.00 6.879e-01 2.967e-01 2.145e-03 1.488e-03 6.736e-03 -1.000 1.536e-02 -3.526 2.896 2.113 0.874 -1.064 -3.062 -5.407 -6.334 -6.667
0.0152 0.01508 9.67117 1.2899987698 2.5182948112    1.127  3.442  3.4902 -0.040    8  0.538  0.425   183.68    94.28    59.37    47.24    38.59  1 -1.78e-07      0.00 6.879e-01 2.967e-01 2.145e-03 1.488e-03 6.736e-03 -1.000 1.536e-02 -3.835 2.912 2.644 1.534 -0.716 -2.860 -5.768 -6.713 -7.079
0.0152 0.01508 9.67117 1.2899999619 2.5182948112    1.124  3.521  3.4790 -0.164    8  0.538  0.425   225.08   118.07    73.60    58.77    48.02  1 -2.46e-07      0.00 6.879e-01 2.967e-01 2.145e-03 1.488e-03 6.736e-03 -1.000 1.536e-02 -4.033 2.906 2.829 1.663 -0.648 -2.818 -5.999 -6.952 -7.336
0.0152 0.01508 9.67117 1.2900012732 2.5182950497    1.120  3.561  3.4732 -0.229    8  0.539  0.425   247.80   132.52    82.17    65.73    53.73  1  -2.9e-07      0.00 6.879e-01 2.967e-01 2.145e-03 1.488e-03 6.736e-03 -1.000 1.536e-02 -4.132 2.902 2.903 1.705 -0.630 -2.816 -6.115 -7.070 -7.463
0.0152 0.01508 9.67117 1.2900027037 2.5182952881    1.116  3.577  3.4706 -0.257    8  0.539  0.425   258.37   139.39    86.23    69.04    56.43  1 -3.13e-07      0.00 6.879e-01 2.967e-01 2.145e-03 1.488e-03 6.736e-03 -1.000 1.536e-02 -4.173 2.904 2.941 1.728 -0.618 -2.810 -6.163 -7.120 -7.517
0.0152 0.01508 9.67117 1.2900043726 2.5182952881    1.111  3.585  3.4692 -0.272    8  0.540  0.425   263.85   143.03    88.37    70.79    57.87  1 -3.26e-07      0.00 6.879e-01 2.967e-01 2.145e-03 1.488e-03 6.736e-03 -1.000 1.536e-02 -4.192 2.906 2.961 1.740 -0.610 -2.806 -6.185 -7.143 -7.542
0.0152 0.01508 9.67117 1.2900044918 2.5182955265    1.111  3.425  3.4914 -0.024    8  0.540  0.425   177.28    91.26    57.54    45.79    37.39  1 -1.73e-07      0.00 6.879e-01 2.967e-01 2.145e-03 1.488e-03 6.736e-03 -1.000 1.536e-02 -3.791 2.931 2.627 1.511 -0.718 -2.853 -5.720 -6.665 -7.028
0.0152 0.01508 9.67117 1.2900046110 2.5182955265    1.110  3.266  3.5133  0.222    8  0.540  0.425   106.47    58.48    37.62    29.74    24.26  1 -9.15e-08      0.00 6.879e-01 2.967e-01 2.145e-03 1.488e-03 6.736e-03 -1.000 1.536e-02 -3.395 2.908 1.925 0.622 -1.181 -3.102 -5.256 -6.177 -6.498
0.0152 0.01508 9.67117 1.2900050879 2.5182955265    1.108  3.083  3.5386  0.506    8  0.540  0.425    59.16    35.02    23.05    18.09    14.73  2  -4.3e-08      0.00 6.879e-01 2.967e-01 2.145e-03 1.488e-03 6.736e-03 -1.000 1.536e-02 -2.938 2.841 1.159 -0.352 -1.661 -3.166 -4.713 -5.605 -5.877
0.0152 0.01508 9.67117 1.2900055647 2.5182955265    1.106  3.101  3.5361  0.477    8  0.541  0.425    62.74    36.86    24.20    19.01    15.49  2 -4.66e-08      0.00 6.879e-01 2.967e-01 2.145e-03 1.488e-03 6.736e-03 -1.000 1.536e-02 -2.982 2.850 1.222 -0.273 -1.622 -3.174 -4.766 -5.661 -5.937
0.0152 0.01508 9.67117 1.2900062799 2.5182955265    1.103  3.209  3.5208  0.307    8  0.541  0.425    89.23    50.11    32.45    25.60    20.87  2 -7.35e-08      0.00 6.879e-01 2.967e-01 2.145e-03 1.488e-03 6.736e-03 -1.000 1.536e-02 -3.252 2.896 1.652 0.266 -1.360 -3.171 -5.089 -6.001 -6.307
0.0152 0.01508 9.67117 1.2900071144 2.5182957649    1.100  3.352  3.5005  0.081    8  0.541  0.425   142.36    75.29    47.87    38.00    31.01  1 -1.33e-07      0.00 6.879e-01 2.967e-01 2.145e-03 1.488e-03 6.736e-03 -1.000 1.536e-02 -3.610 2.938 2.366 1.193 -0.881 -2.950 -5.512 -6.445 -6.791
0.0152 0.01508 9.67117 1.2900081873 2.5182957649    1.096  3.472  3.4832 -0.110    8  0.542  0.425   205.23   106.24    66.50    53.07    43.34  1 -2.17e-07      0.00 6.879e-01 2.967e-01 2.145e-03 1.488e-03 6.736e-03 -1.000 1.536e-02 -3.910 2.949 2.804 1.662 -0.626 -2.786 -5.864 -6.814 -7.191
0.0152 0.01508 9.67117 1.2900093794 2.5182960033    1.091  3.549  3.4719 -0.233    8  0.543  0.425   247.27   132.76    82.27    65.87    53.83  1 -2.97e-07      0.00 6.879e-01 2.967e-01 2.145e-03 1.488e-03 6.736e-03 -1.000 1.536e-02 -4.103 2.944 2.963 1.760 -0.578 -2.766 -6.088 -7.045 -7.439
0.0152 0.01508 9.67117 1.2900108099 2.5182962418    1.086  3.588  3.4660 -0.298    8  0.543  0.425   272.21   148.97    91.82    73.66    60.21  1  -3.5e-07      0.00 6.879e-01 2.967e-01 2.145e-03 1.488e-03 6.736e-03 -1.000 1.536e-02 -4.199 2.934 3.026 1.795 -0.564 -2.769 -6.201 -7.160 -7.562
0.0152 0.01508 9.67117 1.2900123596 2.5182962418    1.080  3.603  3.4632 -0.327    8  0.544  0.425   284.09   156.87    96.46    77.45    63.32  1 -3.82e-07      0.00 6.879e-01 2.967e-01 2.145e-03 1.488e-03 6.736e-03 -1.000 1.536e-02 -4.239 2.937 3.059 1.814 -0.555 -2.768 -6.248 -7.208 -7.614
0.0152 0.01508 9.67117 1.2900141478 2.5182964802    1.073  3.611  3.4617 -0.343    8  0.545  0.425   290.51   161.24    99.01    79.55    65.03  1 -4.21e-07      0.01 6.879e-01 2.967e-01 2.145e-03 1.488e-03 6.736e-03 -1.000 1.536e-02 -4.257 2.945 3.084 1.830 -0.544 -2.763 -6.270 -7.231 -7.639
0.0152 0.01508 9.67117 1.2900142670 2.5182964802    1.072  3.463  3.4829 -0.111    8  0.545  0.425   204.01   105.91    66.27    52.92    43.22  1 -2.22e-07      0.00 6.879e-01 2.967e-01 2.145e-03 1.488e-03 6.736e-03 -1.000 1.536e-02 -3.887 2.976 2.837 1.694 -0.595 -2.755 -5.842 -6.792 -7.169
0.0152 0.01508 9.67117 1.2900143862 2.5182964802    1.071  3.306  3.5053  0.135    8  0.545  0.425   126.79    67.89    43.34    34.38    28.05  1 -1.19e-07      0.00 6.879e-01 2.967e-01 2.145e-03 1.488e-03 6.736e-03 -1.000 1.536e-02 -3.495 2.961 2.236 1.016 -0.959 -2.977 -5.383 -6.311 -6.647
0.0152 0.01508 9.67117 1.2900147438 2.5182967186    1.069  3.124  3.5314  0.421    8  0.545  0.425    70.01    40.48    26.45    20.83    16.97  2  -5.7e-08      0.00 6.879e-01 2.967e-01 2.145e-03 1.488e-03 6.736e-03 -1.000 1.536e-02 -3.040 2.894 1.360 -0.107 -1.530 -3.168 -4.840 -5.741 -6.026
0.0152 0.01508 9.67117 1.2900153399 2.5182967186    1.066  3.141  3.5287  0.391    8  0.545  0.425    74.34    42.64    27.79    21.90    17.85  2 -6.17e-08      0.00 6.879e-01 2.967e-01 2.145e-03 1.488e-03 6.736e-03 -1.000 1.536e-02 -3.083 2.905 1.436 -0.012 -1.482 -3.166 -4.892 -5.797 -6.087
0.0152 0.01508 9.67117 1.2900160551 2.5182967186    1.062  3.246  3.5133  0.223    8  0.546  0.425   105.48    57.80    37.16    29.42    23.99  1 -9.61e-08      0.00 6.879e-01 2.967e-01 2.145e-03 1.488e-03 6.736e-03 -1.000 1.536e-02 -3.346 2.958 1.977 0.675 -1.130 -3.051 -5.207 -6.128 -6.450
0.0152 0.01508 9.67117 1.2900168896 2.5182969570    1.057  3.385  3.4928 -0.000    8  0.546  0.425   167.49    86.38    54.53    43.44    35.45  1  -1.7e-07      0.00 6.879e-01 2.967e-01 2.145e-03 1.488e-03 6.736e-03 -1.000 1.536e-02 -3.693 2.997 2.652 1.530 -0.674 -2.798 -5.617 -6.560 -6.921
0.0152 0.01508 9.67117 1.2900178432 2.5182969570    1.051  3.502  3.4753 -0.189    8  0.547  0.425   228.12   121.36    75.44    60.41    49.34  1 -2.74e-07      0.00 6.879e-01 2.967e-01 2.145e-03 1.488e-03 6.736e-03 -1.000 1.536e-02 -3.985 3.000 2.974 1.792 -0.531 -2.709 -5.961 -6.916 -7.304
0.0152 0.01508 9.67117 1.2900190353 2.5182971954    1.044  3.576  3.4638 -0.312    8  0.547  0.425   274.53   151.33    93.13    74.84    61.16  1 -3.73e-07      0.00 6.879e-01 2.967e-01 2.145e-03 1.488e-03 6.736e-03 -1.000 1.536e-02 -4.171 2.985 3.102 1.864 -0.501 -2.711 -6.178 -7.138 -7.542
0.0152 0.01508 9.67117 1.2900204659 2.5182971954    1.037  3.613  3.4577 -0.377    8  0.548  0.425   302.30   169.82   103.95    83.69    68.41  1  -4.9e-07      0.01 6.879e-01 2.967e-01 2.145e-03 1.488e-03 6.736e-03 -1.000 1.536e-02 -4.263 2.999 3.177 1.912 -0.482 -2.716 -6.285 -7.248 -7.662
0.0152 0.01508 9.67117 1.2900220156 2.5182974339    1.028  3.629  3.4548 -0.407    8  0.549  0.425   315.88   179.08   109.34    88.13    72.04  0 -5.92e-07      0.01 6.879e-01 2.967e-01 2.145e-03 1.488e-03 6.736e-03 -1.000 1.536e-02 -4.302 3.022 3.224 1.951 -0.464 -2.713 -6.329 -7.293 -7.712
0.0152 0.01508 9.67117 1.2900236845 2.5182976723    1.019  3.636  3.4531 -0.425    8  0.550  0.425   323.58   184.47   112.45    90.71    74.15  0 -6.57e-07      0.01 6.879e-01 2.967e-01 2.145e-03 1.488e-03 6.736e-03 -1.000 1.536e-02 -4.319 3.039 3.254 1.977 -0.449 -2.707 -6.349 -7.314 -7.736
0.0152 0.01508 9.67117 1.2900238037 2.5182976723    1.018  3.500  3.4734 -0.209    8  0.550  0.425   232.48   124.76    77.40    62.08    50.70  1 -2.98e-07      0.00 6.879e-01 2.967e-01 2.145e-03 1.488e-03 6.736e-03 -1.000 1.536e-02 -3.980 3.037 3.036 1.843 -0.488 -2.671 -5.961 -6.917 -7.309
0.0152 0.01508 9.67117 1.2900239229 2.5182976723    1.016  3.345  3.4963  0.037    8  0.550  0.425   154.11    79.99    50.63    40.35    32.91  1 -1.63e-07      0.00 6.879e-01 2.967e-01 2.145e-03 1.488e-03 6.736e-03 -1.000 1.536e-02 -3.594 3.032 2.583 1.437 -0.708 -2.808 -5.508 -6.446 -6.800
0.0152 0.01508 9.67117 1.2900242805 2.5182976723    1.012  3.164  3.5233  0.324    8  0.550  0.425    84.53    47.50    30.78    24.34    19.83  1 -7.93e-08      0.00 6.879e-01 2.967e-01 2.145e-03 1.488e-03 6.736e-03 -1.000 1.536e-02 -3.140 2.965 1.646 0.237 -1.340 -3.111 -4.969 -5.878 -6.179
0.0152 0.01508 9.67117 1.2900248766 2.5182979107    1.007  3.181  3.5203  0.293    8  0.551  0.425    90.13    50.20    32.44    25.68    20.92  1 -8.64e-08      0.00 6.879e-01 2.967e-01 2.145e-03 1.488e-03 6.736e-03 -1.000 1.536e-02 -3.183 2.982 1.748 0.362 -1.274 -3.093 -5.022 -5.934 -6.242
0.0152 0.01508 9.67117 1.2900254726 2.5182979107    1.000  3.284  3.5043  0.123    8  0.551  0.425   128.25    68.11    43.40    34.52    28.15  1 -1.34e-07      0.00 6.879e-01 2.967e-01 2.145e-03 1.488e-03 6.736e-03 -1.000 1.536e-02 -3.440 3.036 2.342 1.131 -0.865 -2.893 -5.330 -6.260 -6.598
0.0152 0.01508 9.67117 1.2900263071 2.5182979107    0.992  3.419  3.4832 -0.100    8  0.551  0.425   194.89   101.73    63.66    50.95    41.58  1 -2.33e-07      0.00 6.879e-01 2.967e-01 2.145e-03 1.488e-03 6.736e-03 -1.000 1.536e-02 -3.777 3.075 2.931 1.792 -0.494 -2.653 -5.731 -6.681 -7.057
0.0152 0.01508 9.67117 1.2900273800 2.5182981491    0.982  3.532  3.4650 -0.290    8  0.552  0.425   259.81   143.10    88.17    70.95    57.94  1 -3.72e-07      0.00 6.879e-01 2.967e-01 2.145e-03 1.488e-03 6.736e-03 -1.000 1.536e-02 -4.060 3.071 3.175 1.945 -0.414 -2.621 -6.064 -7.023 -7.426
0.0152 0.01508 9.67117 1.2900285721 2.5182981491    0.971  3.604  3.4529 -0.416    8  0.553  0.425   313.71   179.12   109.22    88.22    72.08  0 -5.61e-07      0.01 6.879e-01 2.967e-01 2.145e-03 1.488e-03 6.736e-03 -1.000 1.536e-02 -4.241 3.094 3.318 2.047 -0.376 -2.632 -6.273 -7.237 -7.657
0.0152 0.01508 9.67117 1.2900298834 2.5182983875    0.958  3.641  3.4461 -0.485    8  0.553  0.425   347.04   202.24   122.61    99.26    81.12  0 -8.61e-07      0.02 6.879e-01 2.967e-01 2.145e-03 1.488e-03 6.736e-03 -1.000 1.536e-02 -4.331 3.145 3.413 2.139 -0.340 -2.634 -6.374 -7.339 -7.771
0.0152 0.01508 9.67117 1.2900314331 2.5182986259    0.944  3.656  3.4426 -0.521    8  0.554  0.425   349.59    -1.00    -1.00    -1.00    -1.00  0 -1.06e-06      0.03 6.879e-01 2.967e-01 2.145e-03 1.488e-03 6.736e-03 -1.000 1.536e-02 -4.370 3.210 3.488 2.209 -0.306 -2.623 -6.412 -7.381 -7.820
0.0152 0.01508 9.67117 1.2900331020 2.5182988644    0.928  3.663  3.4403 -0.544    8  0.555  0.425   339.26    -1.00    -1.00    -1.00    -1.00  0 -1.22e-06      0.04 6.879e-01 2.967e-01 2.145e-03 1.488e-03 6.736e-03 -1.000 1.536e-02 -4.388 3.264 3.546 2.262 -0.277 -2.609 -6.431 -7.402 -7.846
0.0152 0.01508 9.67117 1.2900332212 2.5182988644    0.927  3.540  3.4599 -0.343    8  0.555  0.425   276.21   155.35    95.24    76.89    62.78  0 -4.53e-07      0.01 6.879e-01 2.967e-01 2.145e-03 1.488e-03 6.736e-03 -1.000 1.536e-02 -4.080 3.136 3.295 2.038 -0.341 -2.563 -6.096 -7.059 -7.469
0.0152 0.01508 9.67117 1.2900333405 2.5182988644    0.924  3.387  3.4839 -0.096    8  0.555  0.425   188.80    99.27    62.09    49.81    40.62  1 -2.54e-07      0.00 6.879e-01 2.967e-01 2.145e-03 1.488e-03 6.736e-03 -1.000 1.536e-02 -3.699 3.148 2.989 1.852 -0.432 -2.590 -5.650 -6.599 -6.975
0.0152 0.01508 9.67117 1.2900336981 2.5182988644    0.917  3.207  3.5126  0.197    8  0.556  0.425   108.40    58.37    37.39    29.77    24.24  1 -1.27e-07      0.00 6.879e-01 2.967e-01 2.145e-03 1.488e-03 6.736e-03 -1.000 1.536e-02 -3.246 3.090 2.126 0.826 -0.998 -2.931 -5.110 -6.031 -6.355
0.0152 0.01508 9.67117 1.2900341749 2.5182988644    0.909  3.223  3.5096  0.164    8  0.556  0.425   115.97    61.81    39.48    31.47    25.63  1  -1.4e-07      0.00 6.879e-01 2.967e-01 2.145e-03 1.488e-03 6.736e-03 -1.000 1.536e-02 -3.288 3.109 2.252 0.986 -0.910 -2.885 -5.161 -6.086 -6.416
0.0152 0.01508 9.67117 1.2900348902 2.5182988644    0.898  3.323  3.4930 -0.008    8  0.556  0.425   163.11    83.98    52.89    42.37    34.53  1 -2.15e-07      0.00 6.879e-01 2.967e-01 2.145e-03 1.488e-03 6.736e-03 -1.000 1.536e-02 -3.538 3.161 2.806 1.678 -0.524 -2.649 -5.461 -6.403 -6.764
0.0152 0.01508 9.67117 1.2900357246 2.5182991028    0.884  3.453  3.4712 -0.232    8  0.557  0.425   228.87   125.50    77.60    62.56    51.04  1 -3.73e-07      0.00 6.879e-01 2.967e-01 2.145e-03 1.488e-03 6.736e-03 -1.000 1.536e-02 -3.863 3.195 3.222 2.016 -0.324 -2.513 -5.850 -6.807 -7.203
0.0152 0.01508 9.67117 1.2900366783 2.5182991028    0.868  3.562  3.4524 -0.424    8  0.557  0.425   300.19    -1.00    -1.00    -1.00    -1.00  0 -5.96e-07      0.01 6.879e-01 2.967e-01 2.145e-03 1.488e-03 6.736e-03 -1.000 1.536e-02 -4.136 3.215 3.441 2.168 -0.260 -2.519 -6.168 -7.132 -7.554
0.0152 0.01508 9.67117 1.2900377512 2.5182993412    0.849  3.631  3.4402 -0.552    8  0.558  0.425   288.76    -1.00    -1.00    -1.00    -1.00  0 -1.18e-06      0.04 6.879e-01 2.967e-01 2.145e-03 1.488e-03 6.736e-03 -1.000 1.536e-02 -4.309 3.348 3.632 2.347 -0.194 -2.527 -6.352 -7.323 -7.768
0.0152 0.01508 9.67117 1.2900390625 2.5182993412    0.829  3.666  3.4338 -0.622    8  0.559  0.425   276.21    -1.00    -1.00    -1.00    -1.00  0 -1.83e-06      0.07 6.879e-01 2.967e-01 2.145e-03 1.488e-03 6.736e-03 -1.000 1.536e-02 -4.395 3.550 3.812 2.508 -0.125 -2.506 -6.426 -7.408 -7.874
0.0152 0.01508 9.67117 1.2900404930 2.5182995796    0.806  3.680  3.4313 -0.659    8  0.560  0.425   262.73    -1.00    -1.00    -1.00    -1.00  0 -2.32e-06      0.10 6.879e-01 2.967e-01 2.145e-03 1.488e-03 6.736e-03 -1.000 1.536e-02 -4.430 3.717 3.942 2.611 -0.073 -2.479 -6.446 -7.438 -7.919
0.0152 0.01508 9.67117 1.2900421619 2.5182998180    0.782  3.687  3.4306 -0.681    8  0.561  0.425   248.50    -1.00    -1.00    -1.00    -1.00  0 -2.73e-06      0.14 6.879e-01 2.967e-01 2.145e-03 1.488e-03 6.736e-03 -1.000 1.536e-02 -4.447 3.927 4.087 2.710 -0.016 -2.437 -6.437 -7.443 -7.938
0.0152 0.01508 9.67117 1.2900505066 2.5183007717    0.565 -9.999  4.0000  1.633    9  0.565  0.000     0.00     0.00     0.00     0.00     0.00 -1    -1e-30      0.00 6.879e-01 2.967e-01 2.145e-03 1.488e-03 6.736e-03 -1.000 1.536e-02 29.767 29.720 29.983 30.032 30.020 30.018 30.066 30.065 30.082
#isochrone terminated
