# File generated by CMD 3.6 (http://stev.oapd.inaf.it/cmd) on Sun Dec 12 13:44:06 CET 2021
# isochrones based on PARSEC release v1.2S +  COLIBRI S_37 + S_35 + PR16
# Basic references: Bressan et al. (2012), MNRAS, 427, 127 + Chen et al. (2014, 2015), MNRAS, 444, 2525 + MNRAS, 452, 1068 + Tang et al. (2014), MNRAS, 445, 4287 + Marigo et al. (2017), ApJ, 835, 77 + Pastorelli al. (2019), MNRAS, 485, 5666 + Pastorelli al. (2020), MNRAS, in press
# Thermal pulse cycles included 
# On RGB, assumed Reimers mass loss with efficiency eta=0.2
# LPV periods and growth rates added cf. Trabucchi et al. (2019)
# but fundamental-mode LPV periods are from Trabucchi et al. (2021)
# Photometric system: <i>UBVRIJHK</i> (cf. Maiz-Apellaniz 2006 + Bessell 1990)
# Using YBC version of bolometric corrections as in Chen et al. (2019)
# O-rich circumstellar dpmod60alox40 dust from Groenewegen (2006)
# C-rich circumstellar AMCSIC15 dust from Groenewegen (2006)
# IMF: Kroupa (2001, 2002) + Kroupa et al. (2013) canonical two-part-power law IMF corrected for unresolved binaries 
# Kind of output: isochrone tables
Zini     MH   logAge Mini        int_IMF         Mass   logL    logTe  logg  label   McoreTP C_O  period0  period1  period2  period3  period4  pmode  Mloss  tau1m   X   Y   Xc  Xn  Xo  Cexcess  Z 	 mbolmag  Umag    Bmag    Vmag    Rmag    Imag    Jmag    Hmag    Kmag
0.0152 0.01508 9.95424 0.0900000036 1.0816895962    0.090 -3.423  3.3624  5.217    1  0.000  0.545     0.00     0.00     0.00     0.00     0.00 -1  -3.9e-17      0.00 7.081e-01 2.766e-01 2.746e-03 7.408e-04 6.719e-03 -1.000 1.527e-02 13.328 22.604 19.981 18.143 15.990 13.740 11.237 10.622 10.333
0.0152 0.01508 9.95424 0.1000000015 1.1711064577    0.100 -3.241  3.3883  5.184    1  0.000  0.545     0.00     0.00     0.00     0.00     0.00 -1 -5.85e-17      0.00 7.078e-01 2.770e-01 2.746e-03 7.408e-04 6.719e-03 -1.000 1.527e-02 12.872 22.085 19.497 17.669 15.528 13.284 10.782 10.168 9.875
0.0152 0.01508 9.95424 0.1096613109 1.2470902205    0.110 -3.107  3.4059  5.160    1  0.000  0.545     0.00     0.00     0.00     0.00     0.00 -1 -7.81e-17      0.00 7.074e-01 2.773e-01 2.746e-03 7.408e-04 6.719e-03 -1.000 1.527e-02 12.537 21.706 19.143 17.322 15.189 12.949 10.448 9.835 9.539
0.0152 0.01508 9.95424 0.1200000122 1.3193155527    0.120 -2.976  3.4232  5.137    1  0.000  0.545     0.00     0.00     0.00     0.00     0.00 -1 -1.04e-16      0.00 7.070e-01 2.778e-01 2.746e-03 7.408e-04 6.719e-03 -1.000 1.527e-02 12.209 21.008 18.572 16.778 14.725 12.539 10.135 9.522 9.223
0.0152 0.01508 9.95424 0.1400000006 1.4384527206    0.140 -2.792  3.4434  5.102    1  0.000  0.545     0.00     0.00     0.00     0.00     0.00 -1 -1.53e-16      0.00 7.063e-01 2.784e-01 2.746e-03 7.408e-04 6.719e-03 -1.000 1.527e-02 11.750 19.461 17.355 15.649 13.834 11.818 9.724 9.108 8.808
0.0152 0.01508 9.95424 0.1509244740 1.4945563078    0.151 -2.712  3.4511  5.085    1  0.000  0.545     0.00     0.00     0.00     0.00     0.00 -1  -1.8e-16      0.00 7.059e-01 2.788e-01 2.746e-03 7.408e-04 6.719e-03 -1.000 1.527e-02 11.551 18.890 16.890 15.215 13.483 11.532 9.543 8.926 8.628
0.0152 0.01508 9.95424 0.1599999964 1.5372931957    0.160 -2.651  3.4570  5.073    1  0.000  0.545     0.00     0.00     0.00     0.00     0.00 -1 -2.04e-16      0.00 7.057e-01 2.791e-01 2.746e-03 7.408e-04 6.719e-03 -1.000 1.527e-02 11.396 18.454 16.535 14.877 13.208 11.314 9.403 8.786 8.489
0.0152 0.01508 9.95424 0.2000000030 1.6938791275    0.200 -2.432  3.4758  5.026    1  0.000  0.545     0.00     0.00     0.00     0.00     0.00 -1  -3.2e-16      0.00 7.046e-01 2.801e-01 2.746e-03 7.408e-04 6.719e-03 -1.000 1.527e-02 10.849 17.112 15.410 13.811 12.325 10.597 8.901 8.281 7.993
0.0152 0.01508 9.95424 0.2500000000 1.8403258324    0.250 -2.220  3.4921  4.976    1  0.000  0.545     0.00     0.00     0.00     0.00     0.00 -1 -1.64e-16      0.00 7.038e-01 2.809e-01 2.746e-03 7.408e-04 6.719e-03 -1.000 1.527e-02 10.319 15.995 14.440 12.876 11.523 9.948 8.412 7.790 7.512
0.0152 0.01508 9.95424 0.3000000119 1.9529139996    0.300 -2.055  3.5027  4.932    1  0.000  0.545     0.00     0.00     0.00     0.00     0.00 -1 -6.01e-17      0.00 7.035e-01 2.812e-01 2.746e-03 7.408e-04 6.719e-03 -1.000 1.527e-02 9.906 15.259 13.782 12.252 10.969 9.477 8.024 7.399 7.130
0.0152 0.01508 9.95424 0.3217037022 1.9944417477    0.322 -1.988  3.5066  4.912    1  0.000  0.545     0.00     0.00     0.00     0.00     0.00 -1 -2.24e-16      0.00 7.062e-01 2.786e-01 2.746e-03 7.408e-04 6.719e-03 -1.000 1.527e-02 9.739 14.980 13.529 12.012 10.754 9.290 7.865 7.239 6.973
0.0152 0.01508 9.95424 0.3500000238 2.0434176922    0.350 -1.906  3.5114  4.886    1  0.000  0.545     0.00     0.00     0.00     0.00     0.00 -1 -3.18e-16      0.00 7.089e-01 2.758e-01 2.746e-03 7.408e-04 6.719e-03 -1.000 1.527e-02 9.536 14.648 13.226 11.723 10.494 9.065 7.673 7.044 6.783
0.0152 0.01508 9.95424 0.4000000358 2.1185026169    0.400 -1.762  3.5225  4.844    1  0.000  0.545     0.00     0.00     0.00     0.00     0.00 -1  -1.3e-15      0.00 7.091e-01 2.756e-01 2.746e-03 7.408e-04 6.719e-03 -1.000 1.527e-02 9.175 14.032 12.656 11.180 10.009 8.658 7.339 6.703 6.451
0.0152 0.01508 9.95424 0.4500000477 2.1822810173    0.450 -1.612  3.5349  4.794    1  0.000  0.545     0.00     0.00     0.00     0.00     0.00 -1 -1.84e-15      0.00 7.092e-01 2.755e-01 2.746e-03 7.408e-04 6.719e-03 -1.000 1.527e-02 8.800 13.422 12.075 10.628 9.512 8.241 6.995 6.349 6.107
0.0152 0.01508 9.95424 0.5000000000 2.2374541759    0.500 -1.454  3.5502  4.743    1  0.000  0.545     0.00     0.00     0.00     0.00     0.00 -1 -2.66e-15      0.00 7.092e-01 2.755e-01 2.746e-03 7.408e-04 6.719e-03 -1.000 1.527e-02 8.404 12.791 11.455 10.036 8.977 7.803 6.638 5.981 5.751
0.0152 0.01508 9.95424 0.5500000119 2.2836582661    0.550 -1.277  3.5702  4.688    1  0.000  0.545     0.00     0.00     0.00     0.00     0.00 -1 -4.05e-15      0.00 7.297e-01 2.560e-01 2.564e-03 6.920e-04 6.277e-03 -1.000 1.427e-02 7.964 12.106 10.752 9.352 8.355 7.319 6.253 5.580 5.368
0.0152 0.01508 9.95424 0.6000000238 2.3211214542    0.600 -1.104  3.5951  4.653    1  0.000  0.544     0.00     0.00     0.00     0.00     0.00 -1 -6.02e-15      0.00 7.328e-01 2.531e-01 2.539e-03 6.853e-04 6.218e-03 -1.000 1.415e-02 7.531 11.416 10.027 8.661 7.725 6.852 5.885 5.193 5.016
0.0152 0.01508 9.95424 0.6499999762 2.3520355225    0.650 -0.927  3.6255  4.632    1  0.000  0.544     0.00     0.00     0.00     0.00     0.00 -1  -8.9e-15      0.00 7.356e-01 2.504e-01 2.516e-03 6.792e-04 6.164e-03 -1.000 1.402e-02 7.088 10.655 9.227 7.950 7.087 6.383 5.512 4.823 4.693
0.0152 0.01508 9.95424 0.6624510884 2.3589038849    0.662 -0.883  3.6334  4.628    1  0.000  0.544     0.00     0.00     0.00     0.00     0.00 -1  -9.8e-15      0.00 7.363e-01 2.498e-01 2.510e-03 6.778e-04 6.151e-03 -1.000 1.398e-02 6.978 10.435 9.015 7.769 6.930 6.268 5.422 4.739 4.621
0.0152 0.01508 9.95424 0.7000000477 2.3779268265    0.700 -0.755  3.6564  4.615    1  0.000  0.544     0.00     0.00     0.00     0.00     0.00 -1  -1.3e-14      0.00 7.383e-01 2.478e-01 2.494e-03 6.735e-04 6.112e-03 -1.000 1.389e-02 6.657 9.661 8.384 7.246 6.485 5.933 5.165 4.529 4.435
0.0152 0.01508 9.95424 0.7224427462 2.3882172108    0.722 -0.678  3.6698  4.607    1  0.000  0.541     0.00     0.00     0.00     0.00     0.00 -1 -1.54e-14      0.00 7.396e-01 2.466e-01 2.468e-03 6.701e-04 6.086e-03 -1.000 1.386e-02 6.466 9.160 8.017 6.948 6.241 5.733 5.014 4.419 4.335
0.0152 0.01508 9.95424 0.7479991913 2.3990747929    0.748 -0.593  3.6846  4.595    1  0.000  0.537     0.00     0.00     0.00     0.00     0.00 -1 -1.87e-14      0.00 7.411e-01 2.452e-01 2.439e-03 6.663e-04 6.057e-03 -1.000 1.375e-02 6.252 8.611 7.629 6.631 5.983 5.513 4.847 4.302 4.224
0.0152 0.01508 9.95424 0.7500000000 2.3998889923    0.750 -0.586  3.6858  4.594    1  0.000  0.537     0.00     0.00     0.00     0.00     0.00 -1  -1.9e-14      0.00 7.412e-01 2.451e-01 2.437e-03 6.661e-04 6.054e-03 -1.000 1.378e-02 6.236 8.571 7.600 6.607 5.963 5.496 4.833 4.292 4.215
0.0152 0.01508 9.95424 0.7581477165 2.4031536579    0.758 -0.560  3.6896  4.588    1  0.000  0.537     0.00     0.00     0.00     0.00     0.00 -1 -2.02e-14      0.00 7.418e-01 2.444e-01 2.431e-03 6.646e-04 6.041e-03 -1.000 1.376e-02 6.170 8.427 7.494 6.517 5.888 5.430 4.780 4.250 4.174
0.0152 0.01508 9.95424 0.7808380723 2.4118335247    0.781 -0.487  3.7002  4.570    1  0.000  0.536     0.00     0.00     0.00     0.00     0.00 -1  -2.4e-14      0.00 7.437e-01 2.426e-01 2.416e-03 6.605e-04 6.005e-03 -1.000 1.362e-02 5.988 8.021 7.203 6.274 5.684 5.248 4.634 4.136 4.065
0.0152 0.01508 9.95424 0.8000000119 2.4187245369    0.800 -0.426  3.7089  4.554    1  0.000  0.536     0.00     0.00     0.00     0.00     0.00 -1 -2.78e-14      0.00 7.453e-01 2.411e-01 2.403e-03 6.571e-04 5.974e-03 -1.000 1.356e-02 5.834 7.700 6.970 6.076 5.516 5.096 4.511 4.039 3.972
0.0152 0.01508 9.95424 0.8162178993 2.4242670536    0.816 -0.374  3.7159  4.539    1  0.000  0.536     0.00     0.00     0.00     0.00     0.00 -1 -3.16e-14      0.00 7.468e-01 2.397e-01 2.390e-03 6.536e-04 5.943e-03 -1.000 1.351e-02 5.704 7.437 6.779 5.914 5.376 4.969 4.407 3.954 3.890
0.0152 0.01508 9.95424 0.8346722126 2.4302732944    0.834 -0.314  3.7236  4.520    1  0.000  0.536     0.00     0.00     0.00     0.00     0.00 -1 -3.66e-14      0.00 7.486e-01 2.380e-01 2.376e-03 6.498e-04 5.909e-03 -1.000 1.344e-02 5.555 7.149 6.568 5.733 5.219 4.825 4.287 3.855 3.794
0.0152 0.01508 9.95424 0.8500000238 2.4350347519    0.849 -0.265  3.7298  4.503    1  0.000  0.536     0.00     0.00     0.00     0.00     0.00 -1 -4.14e-14      0.00 7.501e-01 2.366e-01 2.364e-03 6.466e-04 5.880e-03 -1.000 1.338e-02 5.431 6.918 6.398 5.586 5.089 4.705 4.186 3.770 3.711
0.0152 0.01508 9.95424 0.8561889529 2.4369018078    0.855 -0.244  3.7322  4.495    1  0.000  0.536     0.00     0.00     0.00     0.00     0.00 -1 -4.36e-14      0.00 7.508e-01 2.359e-01 2.358e-03 6.450e-04 5.866e-03 -1.000 1.335e-02 5.381 6.828 6.329 5.527 5.037 4.657 4.145 3.735 3.678
0.0152 0.01508 9.95424 0.8740743995 2.4421269894    0.873 -0.185  3.7387  4.472    1  0.000  0.536     0.00     0.00     0.00     0.00     0.00 -1 -5.08e-14      0.00 7.529e-01 2.339e-01 2.341e-03 6.404e-04 5.825e-03 -1.000 1.325e-02 5.234 6.570 6.132 5.356 4.885 4.516 4.025 3.632 3.577
0.0152 0.01508 9.95424 0.8907883763 2.4467923641    0.890 -0.130  3.7446  4.447    1  0.000  0.536     0.00     0.00     0.00     0.00     0.00 -1 -5.88e-14      0.00 7.549e-01 2.320e-01 2.325e-03 6.361e-04 5.786e-03 -1.000 1.315e-02 5.094 6.328 5.950 5.199 4.745 4.386 3.912 3.532 3.481
0.0152 0.01508 9.95424 0.9000000358 2.4492788315    0.899 -0.099  3.7476  4.433    1  0.000  0.536     0.00     0.00     0.00     0.00     0.00 -1 -6.38e-14      0.00 7.560e-01 2.310e-01 2.316e-03 6.337e-04 5.765e-03 -1.000 1.307e-02 5.017 6.197 5.851 5.112 4.668 4.313 3.848 3.476 3.425
0.0152 0.01508 9.95424 0.9079261422 2.4513716698    0.907 -0.072  3.7501  4.420    1  0.000  0.536     0.00     0.00     0.00     0.00     0.00 -1 -6.86e-14      0.00 7.571e-01 2.299e-01 2.307e-03 6.312e-04 5.742e-03 -1.000 1.301e-02 4.950 6.087 5.766 5.038 4.601 4.250 3.792 3.425 3.376
0.0152 0.01508 9.95424 0.9181652069 2.4540138245    0.917 -0.036  3.7531  4.401    1  0.000  0.536     0.00     0.00     0.00     0.00     0.00 -1 -7.57e-14      0.00 7.586e-01 2.284e-01 2.295e-03 6.279e-04 5.713e-03 -1.000 1.296e-02 4.861 5.951 5.658 4.942 4.513 4.167 3.716 3.357 3.309
0.0152 0.01508 9.95424 0.9366014600 2.4586043358    0.936  0.028  3.7581  4.365    1  0.000  0.535     0.00     0.00     0.00     0.00     0.00 -1 -9.06e-14      0.00 7.613e-01 2.259e-01 2.273e-03 6.220e-04 5.660e-03 -1.000 1.288e-02 4.699 5.712 5.463 4.768 4.353 4.014 3.577 3.229 3.184
0.0152 0.01508 9.95424 0.9500000477 2.4618122578    0.949  0.076  3.7611  4.336    1  0.000  0.535     0.00     0.00     0.00     0.00     0.00 -1 -1.04e-13      0.00 7.632e-01 2.240e-01 2.257e-03 6.178e-04 5.623e-03 -1.000 1.280e-02 4.581 5.548 5.325 4.643 4.236 3.903 3.473 3.132 3.088
0.0152 0.01508 9.95424 0.9540322423 2.4627573490    0.953  0.090  3.7620  4.327    1  0.000  0.535     0.00     0.00     0.00     0.00     0.00 -1 -1.08e-13      0.00 7.639e-01 2.233e-01 2.251e-03 6.162e-04 5.608e-03 -1.000 1.277e-02 4.546 5.501 5.284 4.606 4.201 3.869 3.442 3.103 3.059
0.0152 0.01508 9.95424 0.9693974257 2.4662761688    0.969  0.144  3.7644  4.289    1  0.000  0.535     0.00     0.00     0.00     0.00     0.00 -1 -1.27e-13      0.00 7.663e-01 2.211e-01 2.232e-03 6.111e-04 5.563e-03 -1.000 1.264e-02 4.409 5.330 5.132 4.464 4.066 3.738 3.317 2.984 2.941
0.0152 0.01508 9.95424 0.9815039039 2.4689598083    0.981  0.191  3.7661  4.255    1  0.000  0.535     0.00     0.00     0.00     0.00     0.00 -1 -1.46e-13      0.00 7.665e-01 2.208e-01 2.231e-03 6.108e-04 5.561e-03 -1.000 1.266e-02 4.293 5.189 5.003 4.344 3.951 3.626 3.210 2.880 2.838
0.0152 0.01508 9.95424 0.9832496047 2.4693403244    0.982  0.198  3.7664  4.250    1  0.000  0.535     0.00     0.00     0.00     0.00     0.00 -1  -1.5e-13      0.00 7.665e-01 2.209e-01 2.231e-03 6.109e-04 5.562e-03 -1.000 1.267e-02 4.276 5.168 4.985 4.327 3.934 3.609 3.194 2.864 2.823
0.0152 0.01508 9.95424 0.9935632348 2.4715580940    0.993  0.240  3.7671  4.216    1  0.000  0.535     0.00     0.00     0.00     0.00     0.00 -1  -1.7e-13      0.00 7.658e-01 2.214e-01 2.238e-03 6.127e-04 5.577e-03 -1.000 1.273e-02 4.171 5.053 4.875 4.220 3.830 3.506 3.093 2.765 2.724
0.0152 0.01508 9.95424 1.0000000000 2.4729156494    0.999  0.266  3.7672  4.192    1  0.000  0.535     0.00     0.00     0.00     0.00     0.00 -1 -1.85e-13      0.00 7.653e-01 2.220e-01 2.244e-03 6.145e-04 5.593e-03 -1.000 1.275e-02 4.104 4.983 4.806 4.153 3.763 3.440 3.027 2.700 2.658
0.0152 0.01508 9.95424 1.0100331306 2.4749917984    1.009  0.310  3.7665  4.150    1  0.000  0.535     0.00     0.00     0.00     0.00     0.00 -1 -2.11e-13      0.00 7.636e-01 2.235e-01 2.262e-03 6.193e-04 5.638e-03 -1.000 1.284e-02 3.994 4.880 4.699 4.044 3.653 3.329 2.914 2.585 2.543
0.0152 0.01508 9.95424 1.0166509151 2.4763355255    1.016  0.340  3.7653  4.118    1  0.000  0.535     0.00     0.00     0.00     0.00     0.00 -1 -2.31e-13      0.00 7.620e-01 2.251e-01 2.279e-03 6.242e-04 5.682e-03 -1.000 1.292e-02 3.920 4.819 4.631 3.972 3.578 3.253 2.834 2.502 2.460
0.0152 0.01508 9.95424 1.0187052488 2.4767487049    1.018  0.350  3.7647  4.107    2  0.000  0.535     0.00     0.00     0.00     0.00     0.00 -1 -2.39e-13      0.00 7.606e-01 2.264e-01 2.292e-03 6.277e-04 5.715e-03 -1.000 1.303e-02 3.896 4.803 4.611 3.949 3.555 3.228 2.807 2.474 2.432
0.0152 0.01508 9.95424 1.0270440578 2.4784057140    1.026  0.388  3.7606  4.056    2  0.000  0.535     0.00     0.00     0.00     0.00     0.00 -1 -2.71e-13      0.00 7.543e-01 2.324e-01 2.350e-03 6.436e-04 5.859e-03 -1.000 1.334e-02 3.801 4.757 4.539 3.861 3.458 3.125 2.693 2.351 2.307
0.0152 0.01508 9.95424 1.0346230268 2.4798851013    1.033  0.418  3.7525  3.996    2  0.000  0.535     0.00     0.00     0.00     0.00     0.00 -1 -3.07e-13      0.00 7.448e-01 2.414e-01 2.431e-03 6.654e-04 6.055e-03 -1.000 1.376e-02 3.726 4.794 4.517 3.806 3.383 3.036 2.581 2.220 2.172
0.0152 0.01508 9.95424 1.0392949581 2.4807848930    1.038  0.428  3.7430  3.950    2  0.000  0.536     0.00     0.00     0.00     0.00     0.00 -1  -3.3e-13      0.00 7.371e-01 2.488e-01 2.493e-03 6.821e-04 6.204e-03 -1.000 1.412e-02 3.700 4.905 4.551 3.804 3.358 2.997 2.515 2.131 2.080
0.0152 0.01508 9.95424 1.0424592495 2.4813890457    1.041  0.427  3.7323  3.910    2  0.000  0.536     0.00     0.00     0.00     0.00     0.00 -1 -3.43e-13      0.00 7.310e-01 2.546e-01 2.540e-03 6.947e-04 6.317e-03 -1.000 1.439e-02 3.703 5.064 4.627 3.839 3.368 2.990 2.475 2.064 2.009
0.0152 0.01508 9.95424 1.0446289778 2.4818007946    1.043  0.424  3.7220  3.872    2  0.000  0.536     0.00     0.00     0.00     0.00     0.00 -1 -3.54e-13      0.00 7.267e-01 2.587e-01 2.573e-03 7.033e-04 6.394e-03 -1.000 1.454e-02 3.710 5.232 4.711 3.883 3.386 2.990 2.443 2.004 1.944
0.0152 0.01508 9.95424 1.0466654301 2.4821853638    1.045  0.432  3.7117  3.824    2  0.000  0.537     0.00     0.00     0.00     0.00     0.00 -1 -3.79e-13      0.00 7.229e-01 2.624e-01 2.600e-03 7.105e-04 6.458e-03 -1.000 1.470e-02 3.691 5.384 4.772 3.905 3.381 2.967 2.385 1.917 1.854
0.0152 0.01508 9.95424 1.0486714840 2.4825627804    1.047  0.460  3.7031  3.762    2  0.000  0.537     0.00     0.00     0.00     0.00     0.00 -1 -4.31e-13      0.00 7.193e-01 2.659e-01 2.622e-03 7.165e-04 6.511e-03 -1.000 1.483e-02 3.619 5.460 4.772 3.872 3.323 2.894 2.283 1.790 1.723
0.0152 0.01508 9.95424 1.0497622490 2.4827671051    1.048  0.484  3.6992  3.723    2  0.000  0.537     0.00     0.00     0.00     0.00     0.00 -1 -4.74e-13      0.00 7.173e-01 2.679e-01 2.633e-03 7.194e-04 6.537e-03 -1.000 1.487e-02 3.561 5.467 4.747 3.831 3.272 2.836 2.212 1.707 1.639
0.0152 0.01508 9.95424 1.0499999523 2.4828116894    1.048  0.491  3.6986  3.714    2  0.000  0.537     0.00     0.00     0.00     0.00     0.00 -1 -4.88e-13      0.00 7.168e-01 2.683e-01 2.635e-03 7.200e-04 6.541e-03 -1.000 1.486e-02 3.542 5.459 4.734 3.815 3.255 2.817 2.191 1.685 1.616
0.0152 0.01508 9.95424 1.0502239466 2.4828534126    1.049  0.498  3.6981  3.705    2  0.000  0.537     0.00     0.00     0.00     0.00     0.00 -1 -5.01e-13      0.00 7.164e-01 2.688e-01 2.636e-03 7.204e-04 6.545e-03 -1.000 1.485e-02 3.525 5.451 4.721 3.801 3.239 2.800 2.172 1.664 1.595
0.0152 0.01508 9.95424 1.0515477657 2.4831006527    1.050  0.543  3.6953  3.649    3  0.000  0.536     0.00     0.00     0.00     0.00     0.00 -1  -5.9e-13      0.00 7.136e-01 2.715e-01 2.643e-03 7.236e-04 6.569e-03 -1.000 1.492e-02 3.412 5.386 4.633 3.702 3.133 2.688 2.050 1.533 1.463
0.0152 0.01508 9.95424 1.0526030064 2.4832973480    1.051  0.584  3.6934  3.601    3  0.000  0.534     0.00     0.00     0.00     0.00     0.00 -1 -6.83e-13      0.00 7.110e-01 2.741e-01 2.636e-03 7.302e-04 6.585e-03 -1.000 1.498e-02 3.309 5.311 4.546 3.607 3.034 2.586 1.941 1.419 1.348
0.0152 0.01508 9.95424 1.0538302660 2.4835252762    1.052  0.637  3.6916  3.541    3  0.000  0.525     0.00     0.00     0.00     0.00     0.00 -1 -8.23e-13      0.00 7.075e-01 2.775e-01 2.598e-03 7.625e-04 6.601e-03 -1.000 1.506e-02 3.177 5.206 4.429 3.484 2.907 2.455 1.804 1.276 1.204
0.0152 0.01508 9.95424 1.0547372103 2.4836933613    1.053  0.680  3.6904  3.494    3  0.000  0.512     0.00     0.00     0.00     0.00     0.00 -1 -9.59e-13      0.00 7.047e-01 2.802e-01 2.538e-03 8.257e-04 6.611e-03 -1.000 1.508e-02 3.070 5.115 4.331 3.381 2.803 2.349 1.692 1.161 1.088
0.0152 0.01508 9.95424 1.0557531118 2.4838812351    1.054  0.732  3.6891  3.437    3  0.000  0.494     0.00     0.00     0.00     0.00     0.00 -1 -1.15e-12      0.00 7.016e-01 2.833e-01 2.451e-03 9.302e-04 6.621e-03 -1.000 1.508e-02 2.939 5.010 4.215 3.258 2.676 2.219 1.557 1.022 0.949
0.0152 0.01508 9.95424 1.0565279722 2.4840242863    1.055  0.776  3.6879  3.389    3  0.000  0.481     0.00     0.00     0.00     0.00     0.00 -1 -1.35e-12      0.00 6.993e-01 2.856e-01 2.389e-03 1.008e-03 6.627e-03 -1.000 1.509e-02 2.831 4.923 4.118 3.155 2.570 2.110 1.445 0.906 0.833
0.0152 0.01508 9.95424 1.0572515726 2.4841578007    1.055  0.820  3.6868  3.341    3  0.000  0.470     0.00     0.00     0.00     0.00     0.00 -1 -1.57e-12      0.00 6.973e-01 2.876e-01 2.340e-03 1.071e-03 6.632e-03 -1.000 1.511e-02 2.721 4.835 4.020 3.051 2.463 2.001 1.331 0.790 0.716
0.0152 0.01508 9.95424 1.0578804016 2.4842734337    1.056  0.861  3.6856  3.295    3  0.000  0.464     0.00     0.00     0.00     0.00     0.00 -1 -1.82e-12      0.00 6.958e-01 2.891e-01 2.308e-03 1.112e-03 6.635e-03 -1.000 1.512e-02 2.618 4.754 3.929 2.953 2.363 1.898 1.224 0.679 0.605
0.0152 0.01508 9.95424 1.0586357117 2.4844121933    1.057  0.915  3.6840  3.235    3  0.000  0.457     0.00     0.00     0.00     0.00     0.00 -1  -2.2e-12      0.00 6.942e-01 2.907e-01 2.277e-03 1.153e-03 6.638e-03 -1.000 1.513e-02 2.483 4.650 3.810 2.827 2.232 1.764 1.084 0.534 0.459
0.0152 0.01508 9.95424 1.0591614246 2.4845087528    1.057  0.956  3.6827  3.189    3  0.000  0.453     0.00     0.00     0.00     0.00     0.00 -1 -2.55e-12      0.00 6.932e-01 2.917e-01 2.258e-03 1.176e-03 6.640e-03 -1.000 1.516e-02 2.380 4.574 3.721 2.731 2.133 1.662 0.977 0.424 0.348
0.0152 0.01508 9.95424 1.0597698689 2.4846203327    1.058  1.007  3.6810  3.131    3  0.000  0.450     0.00     0.00     0.00     0.00     0.00 -1 -3.07e-12      0.00 6.923e-01 2.925e-01 2.243e-03 1.196e-03 6.642e-03 -1.000 1.515e-02 2.251 4.480 3.611 2.611 2.008 1.534 0.842 0.284 0.207
0.0152 0.01508 9.95424 1.0602229834 2.4847033024    1.058  1.050  3.6794  3.083    3  0.000  0.449     0.00     0.00     0.00     0.00     0.00 -1 -3.56e-12      0.00 6.918e-01 2.930e-01 2.235e-03 1.207e-03 6.643e-03 -1.000 1.516e-02 2.146 4.406 3.522 2.514 1.907 1.429 0.732 0.169 0.092
0.0152 0.01508 9.95424 1.0607311726 2.4847962856    1.058  1.101  3.6774  3.023    3  0.000  0.447     0.00     0.00     0.00     0.00     0.00 -1 -4.29e-12      0.00 6.914e-01 2.935e-01 2.228e-03 1.216e-03 6.644e-03 -1.000 1.518e-02 2.017 4.320 3.415 2.397 1.784 1.302 0.597 0.028 -0.051
0.0152 0.01508 9.95424 1.0611991882 2.4848816395    1.059  1.154  3.6753  2.962    3  0.000  0.446     0.00     0.00     0.00     0.00     0.00 -1  -5.2e-12      0.00 6.912e-01 2.936e-01 2.224e-03 1.220e-03 6.645e-03 -1.000 1.519e-02 1.886 4.234 3.306 2.278 1.659 1.172 0.459 -0.117 -0.197
0.0152 0.01508 9.95424 1.0616048574 2.4849557877    1.059  1.204  3.6731  2.903    3  0.000  0.446     0.00     0.00     0.00     0.00     0.00 -1 -6.24e-12      0.00 6.911e-01 2.937e-01 2.222e-03 1.223e-03 6.645e-03 -1.000 1.519e-02 1.760 4.153 3.203 2.165 1.540 1.048 0.326 -0.256 -0.337
0.0152 0.01508 9.95424 1.0619760752 2.4850234985    1.060  1.255  3.6709  2.844    3  0.000  0.446     0.00     0.00     0.00     0.00     0.00 -1  -7.5e-12      0.00 6.911e-01 2.937e-01 2.222e-03 1.223e-03 6.645e-03 -1.000 1.520e-02 1.633 4.072 3.100 2.051 1.420 0.923 0.193 -0.397 -0.479
0.0152 0.01508 9.95424 1.0623196363 2.4850859642    1.060  1.306  3.6685  2.783    3  0.000  0.446     0.00     0.00     0.00     0.00     0.00 -1 -9.06e-12      0.00 6.911e-01 2.937e-01 2.222e-03 1.224e-03 6.645e-03 -1.000 1.520e-02 1.504 3.995 2.998 1.937 1.299 0.796 0.057 -0.540 -0.623
0.0152 0.01508 9.95424 1.0626187325 2.4851405621    1.060  1.355  3.6661  2.724    3  0.000  0.446     0.00     0.00     0.00     0.00     0.00 -1 -1.08e-11      0.00 6.911e-01 2.937e-01 2.221e-03 1.224e-03 6.646e-03 -1.000 1.520e-02 1.382 3.924 2.902 1.829 1.184 0.677 -0.072 -0.676 -0.761
0.0152 0.01508 9.95424 1.0629056692 2.4851927757    1.060  1.406  3.6635  2.664    3  0.000  0.446     0.00     0.00     0.00     0.00     0.00 -1 -1.31e-11      0.00 6.911e-01 2.937e-01 2.221e-03 1.225e-03 6.646e-03 -1.000 1.520e-02 1.255 3.851 2.803 1.719 1.066 0.553 -0.206 -0.818 -0.905
0.0152 0.01508 9.95424 1.0631661415 2.4852399826    1.060  1.455  3.6610  2.605    3  0.000  0.446     0.00     0.00     0.00     0.00     0.00 -1 -1.56e-11      0.00 6.911e-01 2.937e-01 2.221e-03 1.225e-03 6.646e-03 -1.000 1.520e-02 1.133 3.784 2.709 1.612 0.953 0.433 -0.335 -0.954 -1.044
0.0152 0.01508 9.95424 1.0634217262 2.4852864742    1.060  1.502  3.6585  2.548    3  0.000  0.445     0.00     0.00     0.00     0.00     0.00 -1 -1.86e-11      0.00 6.911e-01 2.937e-01 2.221e-03 1.225e-03 6.646e-03 -1.000 1.520e-02 1.016 3.721 2.620 1.512 0.844 0.319 -0.459 -1.086 -1.177
0.0152 0.01508 9.95424 1.0637545586 2.4853470325    1.061  1.546  3.6563  2.495    3  0.000  0.445     0.00     0.00     0.00     0.00     0.00 -1  -2.2e-11      0.00 6.911e-01 2.938e-01 2.220e-03 1.226e-03 6.646e-03 -1.000 1.520e-02 0.906 3.664 2.537 1.418 0.744 0.212 -0.575 -1.209 -1.302
0.0152 0.01508 9.95424 1.0639575720 2.4853837490    1.061  1.516  3.6583  2.533    3  0.000  0.445     0.00     0.00     0.00     0.00     0.00 -1 -1.99e-11      0.00 6.910e-01 2.938e-01 2.220e-03 1.226e-03 6.646e-03 -1.000 1.520e-02 0.981 3.690 2.587 1.478 0.811 0.285 -0.494 -1.122 -1.213
0.0152 0.01508 9.95424 1.0640932322 2.4854085445    1.061  1.474  3.6610  2.586    3  0.000  0.445     0.00     0.00     0.00     0.00     0.00 -1  -1.7e-11      0.00 6.910e-01 2.938e-01 2.220e-03 1.226e-03 6.646e-03 -1.000 1.520e-02 1.085 3.734 2.660 1.564 0.905 0.386 -0.383 -1.002 -1.091
0.0152 0.01508 9.95424 1.0641047955 2.4854106903    1.061  1.471  3.6612  2.589    3  0.000  0.445     0.00     0.00     0.00     0.00     0.00 -1 -1.68e-11      0.00 6.910e-01 2.938e-01 2.220e-03 1.226e-03 6.646e-03 -1.000 1.520e-02 1.092 3.737 2.665 1.570 0.911 0.393 -0.375 -0.994 -1.083
0.0152 0.01508 9.95424 1.0642958879 2.4854452610    1.061  1.517  3.6587  2.533    3  0.000  0.445     0.00     0.00     0.00     0.00     0.00 -1 -1.96e-11      0.00 6.910e-01 2.938e-01 2.220e-03 1.227e-03 6.646e-03 -1.000 1.520e-02 0.977 3.678 2.579 1.472 0.806 0.281 -0.497 -1.124 -1.214
0.0152 0.01508 9.95424 1.0644921064 2.4854807854    1.061  1.565  3.6560  2.475    3  0.000  0.445     0.00     0.00     0.00     0.00     0.00 -1 -2.34e-11      0.00 6.910e-01 2.938e-01 2.219e-03 1.227e-03 6.646e-03 -1.000 1.520e-02 0.858 3.628 2.494 1.372 0.696 0.165 -0.624 -1.259 -1.351
0.0152 0.01508 9.95424 1.0646796227 2.4855148792    1.061  1.613  3.6532  2.416    3  0.000  0.445     0.00     0.00     0.00     0.00     0.00 -1 -2.79e-11      0.00 6.910e-01 2.938e-01 2.219e-03 1.227e-03 6.646e-03 -1.000 1.520e-02 0.738 3.590 2.413 1.271 0.586 0.047 -0.752 -1.395 -1.489
0.0152 0.01508 9.95424 1.0648481846 2.4855453968    1.061  1.659  3.6505  2.358    3  0.000  0.445     0.00     0.00     0.00     0.00     0.00 -1 -3.32e-11      0.00 6.910e-01 2.938e-01 2.219e-03 1.227e-03 6.646e-03 -1.000 1.520e-02 0.622 3.554 2.335 1.175 0.479 -0.066 -0.876 -1.527 -1.623
0.0152 0.01508 9.95424 1.0650081635 2.4855742455    1.061  1.707  3.6477  2.299    3  0.000  0.445     0.00     0.00     0.00     0.00     0.00 -1 -3.97e-11      0.00 6.910e-01 2.938e-01 2.219e-03 1.228e-03 6.646e-03 -1.000 1.520e-02 0.503 3.523 2.257 1.078 0.372 -0.182 -1.004 -1.662 -1.761
0.0152 0.01508 9.95424 1.0651488304 2.4855997562    1.061  1.753  3.6448  2.243    3  0.000  0.445     0.00     0.00     0.00     0.00     0.00 -1 -4.71e-11      0.00 6.910e-01 2.938e-01 2.219e-03 1.228e-03 6.646e-03 -1.000 1.520e-02 0.389 3.496 2.185 0.986 0.269 -0.292 -1.125 -1.793 -1.893
0.0152 0.01508 9.95424 1.0652811527 2.4856238365    1.061  1.799  3.6420  2.184    3  0.000  0.445     0.00     0.00     0.00     0.00     0.00 -1  -5.6e-11      0.00 6.910e-01 2.938e-01 2.219e-03 1.228e-03 6.646e-03 -1.000 1.520e-02 0.272 3.469 2.112 0.893 0.165 -0.405 -1.250 -1.926 -2.028
0.0152 0.01508 9.95424 1.0654004812 2.4856452942    1.061  1.845  3.6391  2.127    3  0.000  0.445     0.00     0.00     0.00     0.00     0.00 -1 -6.65e-11      0.00 6.910e-01 2.938e-01 2.218e-03 1.228e-03 6.646e-03 -1.000 1.520e-02 0.158 3.445 2.041 0.803 0.064 -0.515 -1.371 -2.056 -2.161
0.0152 0.01508 9.95424 1.0655095577 2.4856650829    1.060  1.890  3.6362  2.071    3  0.000  0.445     0.00     0.00     0.00     0.00     0.00 -1 -7.88e-11      0.00 6.910e-01 2.938e-01 2.218e-03 1.228e-03 6.646e-03 -1.000 1.520e-02 0.046 3.425 1.974 0.716 -0.034 -0.623 -1.492 -2.185 -2.292
0.0152 0.01508 9.95424 1.0656119585 2.4856836796    1.060  1.936  3.6332  2.013    3  0.000  0.445     0.00     0.00     0.00     0.00     0.00 -1 -9.36e-11      0.00 6.910e-01 2.938e-01 2.218e-03 1.229e-03 6.646e-03 -1.000 1.520e-02 -0.069 3.407 1.906 0.629 -0.134 -0.732 -1.614 -2.317 -2.426
0.0152 0.01508 9.95424 1.0657026768 2.4857001305    1.060  1.980  3.6303  1.956    3  0.000  0.445     0.00     0.00     0.00     0.00     0.00 -1 -1.11e-10      0.00 6.910e-01 2.938e-01 2.218e-03 1.229e-03 6.646e-03 -1.000 1.520e-02 -0.180 3.366 1.841 0.541 -0.230 -0.837 -1.731 -2.439 -2.552
0.0152 0.01508 9.95424 1.0657856464 2.4857149124    1.060  2.024  3.6273  1.900    3  0.000  0.445     0.00     0.00     0.00     0.00     0.00 -1 -1.31e-10      0.00 6.910e-01 2.938e-01 2.218e-03 1.229e-03 6.647e-03 -1.000 1.520e-02 -0.290 3.319 1.778 0.456 -0.321 -0.939 -1.846 -2.558 -2.677
0.0152 0.01508 9.95424 1.0658636093 2.4857292175    1.060  2.069  3.6242  1.843    3  0.000  0.445     0.00     0.00     0.00     0.00     0.00 -1 -1.55e-10      0.00 6.910e-01 2.938e-01 2.218e-03 1.229e-03 6.647e-03 -1.000 1.520e-02 -0.402 3.268 1.713 0.368 -0.416 -1.043 -1.964 -2.680 -2.805
0.0152 0.01508 9.95424 1.0659326315 2.4857416153    1.059  2.112  3.6212  1.788    3  0.000  0.445     0.00     0.00     0.00     0.00     0.00 -1 -1.82e-10      0.00 6.910e-01 2.938e-01 2.218e-03 1.229e-03 6.647e-03 -1.000 1.520e-02 -0.510 3.218 1.650 0.284 -0.506 -1.143 -2.077 -2.797 -2.928
0.0152 0.01508 9.95424 1.0659979582 2.4857532978    1.059  2.156  3.6181  1.731    3  0.000  0.445     0.00     0.00     0.00     0.00     0.00 -1 -2.16e-10      0.00 6.910e-01 2.938e-01 2.218e-03 1.229e-03 6.647e-03 -1.000 1.520e-02 -0.621 3.163 1.585 0.200 -0.597 -1.244 -2.193 -2.918 -3.054
0.0152 0.01508 9.95424 1.0660549402 2.4857637882    1.059  2.198  3.6151  1.677    3  0.000  0.445     0.00     0.00     0.00     0.00     0.00 -1 -2.53e-10      0.00 6.910e-01 2.938e-01 2.218e-03 1.229e-03 6.647e-03 -1.000 1.520e-02 -0.725 3.111 1.525 0.122 -0.681 -1.339 -2.302 -3.031 -3.174
0.0152 0.01508 9.95424 1.0661094189 2.4857735634    1.058  2.241  3.6119  1.621    3  0.000  0.445     0.00     0.00     0.00     0.00     0.00 -1 -2.98e-10      0.00 6.910e-01 2.938e-01 2.218e-03 1.229e-03 6.647e-03 -1.000 1.520e-02 -0.833 3.058 1.463 0.041 -0.769 -1.436 -2.414 -3.148 -3.297
0.0152 0.01508 9.95424 1.0661594868 2.4857826233    1.058  2.284  3.6088  1.566    3  0.000  0.445     0.00     0.00     0.00     0.00     0.00 -1 -3.51e-10      0.00 6.910e-01 2.938e-01 2.218e-03 1.229e-03 6.647e-03 -1.000 1.520e-02 -0.940 3.004 1.401 -0.037 -0.854 -1.532 -2.526 -3.264 -3.421
0.0152 0.01508 9.95424 1.0662044287 2.4857907295    1.057  2.325  3.6057  1.512    3  0.000  0.445     0.00     0.00     0.00     0.00     0.00 -1 -4.11e-10      0.00 6.910e-01 2.938e-01 2.218e-03 1.229e-03 6.647e-03 -1.000 1.520e-02 -1.043 2.950 1.344 -0.109 -0.934 -1.624 -2.633 -3.377 -3.541
0.0152 0.01508 9.95424 1.0662466288 2.4857983589    1.057  2.367  3.6025  1.457    3  0.000  0.445     0.00     0.00     0.00     0.00     0.00 -1 -4.83e-10      0.00 6.910e-01 2.938e-01 2.217e-03 1.229e-03 6.647e-03 -1.000 1.520e-02 -1.148 2.938 1.294 -0.176 -1.014 -1.720 -2.745 -3.497 -3.665
0.0152 0.01508 9.95424 1.0662850142 2.4858052731    1.056  2.408  3.5993  1.403    3  0.000  0.445     0.00     0.00     0.00     0.00     0.00 -1 -5.66e-10      0.00 6.910e-01 2.938e-01 2.217e-03 1.230e-03 6.647e-03 -1.000 1.520e-02 -1.250 2.937 1.248 -0.240 -1.091 -1.814 -2.855 -3.615 -3.789
0.0152 0.01508 9.95424 1.0663203001 2.4858117104    1.056  2.449  3.5961  1.349    3  0.000  0.445     0.00     0.00     0.00     0.00     0.00 -1 -6.61e-10      0.00 6.910e-01 2.938e-01 2.217e-03 1.230e-03 6.647e-03 -1.000 1.520e-02 -1.351 2.933 1.208 -0.295 -1.160 -1.906 -2.963 -3.733 -3.911
0.0152 0.01508 9.95424 1.0663533211 2.4858176708    1.055  2.489  3.5928  1.295    3  0.000  0.445     0.00     0.00     0.00     0.00     0.00 -1 -7.74e-10      0.00 6.910e-01 2.938e-01 2.217e-03 1.230e-03 6.647e-03 -1.000 1.520e-02 -1.453 2.930 1.167 -0.351 -1.231 -1.998 -3.073 -3.851 -4.035
0.0152 0.01508 9.95424 1.0663831234 2.4858229160    1.054  2.529  3.5896  1.242    3  0.000  0.445    12.64     9.13     6.38     4.91     3.99  4 -9.02e-10      0.00 6.910e-01 2.938e-01 2.217e-03 1.230e-03 6.647e-03 -1.000 1.520e-02 -1.552 2.929 1.129 -0.403 -1.298 -2.088 -3.180 -3.966 -4.154
0.0152 0.01508 9.95424 1.0664101839 2.4858279228    1.053  2.567  3.5863  1.191    3  0.000  0.445    14.08    10.03     6.97     5.38     4.37  3 -1.05e-09      0.00 6.910e-01 2.938e-01 2.217e-03 1.230e-03 6.647e-03 -1.000 1.520e-02 -1.648 2.926 1.099 -0.444 -1.355 -2.173 -3.284 -4.079 -4.272
0.0152 0.01508 9.95424 1.0664359331 2.4858324528    1.053  2.607  3.5830  1.137    3  0.000  0.445    15.72    11.04     7.64     5.91     4.80  3 -1.22e-09      0.00 6.910e-01 2.938e-01 2.217e-03 1.230e-03 6.647e-03 -1.000 1.520e-02 -1.747 2.924 1.069 -0.487 -1.413 -2.261 -3.391 -4.194 -4.393
0.0152 0.01508 9.95424 1.0664592981 2.4858367443    1.052  2.645  3.5797  1.086    3  0.000  0.445    17.49    12.11     8.35     6.46     5.25  3 -1.42e-09      0.00 6.910e-01 2.938e-01 2.217e-03 1.230e-03 6.647e-03 -1.000 1.520e-02 -1.842 2.922 1.041 -0.527 -1.469 -2.345 -3.493 -4.305 -4.509
0.0152 0.01508 9.95424 1.0664807558 2.4858405590    1.051  2.682  3.5763  1.035    3  0.000  0.445    19.44    13.28     9.12     7.07     5.74  3 -1.64e-09      0.00 6.910e-01 2.938e-01 2.217e-03 1.230e-03 6.647e-03 -1.000 1.520e-02 -1.935 2.917 1.024 -0.549 -1.510 -2.425 -3.596 -4.415 -4.624
0.0152 0.01508 9.95424 1.0665011406 2.4858443737    1.050  2.719  3.5729  0.983    3  0.000  0.445    21.65    14.57     9.97     7.74     6.29  3  -1.9e-09      0.00 6.910e-01 2.938e-01 2.217e-03 1.230e-03 6.647e-03 -1.000 1.520e-02 -2.028 2.916 1.010 -0.569 -1.551 -2.505 -3.698 -4.526 -4.740
0.0152 0.01508 9.95424 1.0665200949 2.4858477116    1.048  2.756  3.5694  0.932    3  0.000  0.445    24.08    15.99    10.89     8.46     6.88  3  -2.2e-09      0.00 6.910e-01 2.938e-01 2.217e-03 1.230e-03 6.647e-03 -1.000 1.520e-02 -2.121 2.917 1.000 -0.584 -1.587 -2.583 -3.801 -4.636 -4.856
0.0152 0.01508 9.95424 1.0665416718 2.4858515263    1.047  2.801  3.5651  0.869    3  0.000  0.445    27.41    17.89    12.12     9.44     7.67  3 -2.63e-09      0.00 6.910e-01 2.938e-01 2.217e-03 1.230e-03 6.647e-03 -1.000 1.520e-02 -2.233 2.916 1.003 -0.580 -1.615 -2.673 -3.926 -4.769 -4.996
0.0152 0.01508 9.95424 1.0665611029 2.4858551025    1.045  2.845  3.5609  0.808    3  0.000  0.445    31.11    19.98    13.47    10.50     8.54  3 -3.13e-09      0.00 6.910e-01 2.938e-01 2.217e-03 1.230e-03 6.647e-03 -1.000 1.520e-02 -2.341 2.915 1.008 -0.574 -1.640 -2.761 -4.047 -4.900 -5.133
0.0152 0.01508 9.95424 1.0665789843 2.4858584404    1.043  2.887  3.5566  0.748    3  0.000  0.445    35.27    22.28    14.94    11.67     9.49  2 -3.72e-09      0.00 6.910e-01 2.938e-01 2.217e-03 1.230e-03 6.647e-03 -1.000 1.520e-02 -2.448 2.913 1.029 -0.546 -1.650 -2.840 -4.167 -5.027 -5.268
0.0152 0.01508 9.95424 1.0665956736 2.4858613014    1.041  2.930  3.5523  0.687    3  0.000  0.445    39.98    24.84    16.58    12.97    10.56  2 -4.41e-09      0.00 6.910e-01 2.938e-01 2.217e-03 1.230e-03 6.647e-03 -1.000 1.520e-02 -2.554 2.912 1.058 -0.508 -1.653 -2.916 -4.286 -5.155 -5.403
0.0152 0.01508 9.95424 1.0666109324 2.4858641624    1.039  2.971  3.5479  0.627    3  0.000  0.445    45.26    27.66    18.37    14.40    11.72  2 -5.22e-09      0.00 6.910e-01 2.938e-01 2.217e-03 1.230e-03 6.647e-03 -1.000 1.520e-02 -2.658 2.911 1.100 -0.453 -1.645 -2.983 -4.403 -5.280 -5.535
0.0152 0.01508 9.95424 1.0666251183 2.4858665466    1.037  3.012  3.5435  0.568    3  0.000  0.445    51.19    30.78    20.35    15.98    13.00  2 -6.17e-09      0.00 6.910e-01 2.938e-01 2.217e-03 1.230e-03 6.647e-03 -1.000 1.520e-02 -2.759 2.911 1.157 -0.377 -1.623 -3.041 -4.519 -5.403 -5.666
0.0152 0.01508 9.95424 1.0666383505 2.4858689308    1.034  3.052  3.5390  0.508    3  0.000  0.445    57.89    34.25    22.53    17.72    14.42  2 -7.29e-09      0.00 6.910e-01 2.938e-01 2.217e-03 1.230e-03 6.647e-03 -1.000 1.520e-02 -2.860 2.911 1.221 -0.293 -1.597 -3.094 -4.634 -5.525 -5.796
0.0152 0.01508 9.95424 1.0666505098 2.4858713150    1.031  3.091  3.5346  0.450    3  0.000  0.445    65.30    38.01    24.89    19.61    15.97  2 -8.59e-09      0.00 6.910e-01 2.938e-01 2.217e-03 1.230e-03 6.647e-03 -1.000 1.520e-02 -2.958 2.913 1.310 -0.178 -1.552 -3.131 -4.748 -5.644 -5.924
0.0152 0.01508 9.95424 1.0666618347 2.4858732224    1.028  3.130  3.5301  0.392    3  0.000  0.445    73.61    42.18    27.48    21.68    17.66  2 -1.01e-08      0.00 6.910e-01 2.938e-01 2.217e-03 1.230e-03 6.647e-03 -1.000 1.520e-02 -3.055 2.917 1.403 -0.059 -1.505 -3.166 -4.860 -5.762 -6.050
0.0152 0.01508 9.95424 1.0666723251 2.4858751297    1.024  3.168  3.5257  0.335    3  0.000  0.445    82.86    46.73    30.30    23.95    19.51  2 -1.19e-08      0.00 6.910e-01 2.938e-01 2.217e-03 1.230e-03 6.647e-03 -1.000 1.520e-02 -3.150 2.919 1.526 0.096 -1.437 -3.170 -4.970 -5.877 -6.174
0.0152 0.01508 9.95424 1.0666821003 2.4858770370    1.021  3.205  3.5212  0.279    3  0.000  0.445    93.11    51.69    33.37    26.41    21.52  1 -1.39e-08      0.00 6.910e-01 2.938e-01 2.217e-03 1.230e-03 6.647e-03 -1.000 1.520e-02 -3.242 2.926 1.658 0.260 -1.363 -3.169 -5.078 -5.989 -6.295
0.0152 0.01508 9.95424 1.0666911602 2.4858784676    1.016  3.241  3.5167  0.223    3  0.000  0.445   104.55    57.14    36.72    29.11    23.73  1 -1.62e-08      0.00 6.910e-01 2.938e-01 2.217e-03 1.230e-03 6.647e-03 -1.000 1.520e-02 -3.332 2.933 1.817 0.465 -1.262 -3.137 -5.183 -6.099 -6.415
0.0152 0.01508 9.95424 1.0666998625 2.4858801365    1.012  3.277  3.5121  0.167    3  0.000  0.445   117.41    63.16    40.40    32.08    26.16  1 -1.88e-08      0.00 6.910e-01 2.938e-01 2.217e-03 1.230e-03 6.647e-03 -1.000 1.520e-02 -3.422 2.943 1.990 0.691 -1.149 -3.092 -5.287 -6.208 -6.534
0.0152 0.01508 9.95424 1.0667078495 2.4858815670    1.007  3.311  3.5076  0.112    3  0.000  0.445   131.52    69.65    44.35    35.28    28.77  1 -2.18e-08      0.00 6.910e-01 2.938e-01 2.217e-03 1.230e-03 6.647e-03 -1.000 1.520e-02 -3.508 2.948 2.141 0.888 -1.051 -3.050 -5.389 -6.313 -6.648
0.0152 0.01508 9.95424 1.0667152405 2.4858829975    1.001  3.345  3.5032  0.059    3  0.000  0.445   146.84    76.59    48.56    38.69    31.55  1 -2.52e-08      0.00 6.910e-01 2.938e-01 2.217e-03 1.230e-03 6.647e-03 -1.000 1.520e-02 -3.592 2.951 2.282 1.071 -0.959 -3.004 -5.486 -6.415 -6.758
0.0152 0.01508 9.95424 1.0667225122 2.4858841896    0.995  3.378  3.4988  0.005    3  0.000  0.445   164.06    84.25    53.18    42.44    34.62  1 -2.91e-08      0.00 6.910e-01 2.938e-01 2.217e-03 1.230e-03 6.647e-03 -1.000 1.520e-02 -3.675 2.958 2.432 1.259 -0.860 -2.949 -5.583 -6.517 -6.869
0.0152 0.01508 9.95424 1.0667283535 2.4858853817    0.990  3.403  3.4955 -0.035    3  0.000  0.445   176.37    90.45    56.90    45.47    37.09  1 -3.25e-08      0.00 6.910e-01 2.938e-01 2.217e-03 1.230e-03 6.647e-03 -1.000 1.520e-02 -3.736 2.960 2.530 1.377 -0.799 -2.911 -5.655 -6.592 -6.950
0.0152 0.01508 9.95424 1.0667283535 2.4858853817    0.990  1.687  3.6675  2.369    4  0.000  0.465     0.00     0.00     0.00     0.00     0.00 -1    -1e-30      0.00 6.935e-01 2.914e-01 2.310e-03 1.106e-03 6.623e-03 -1.000 1.512e-02 0.553 3.081 2.065 0.982 0.350 -0.154 -0.900 -1.493 -1.578
0.0152 0.01508 9.95424 1.0668277740 2.4859032631    0.990  1.695  3.6670  2.359    4  0.000  0.465     0.00     0.00     0.00     0.00     0.00 -1    -1e-30      0.00 6.935e-01 2.914e-01 2.310e-03 1.106e-03 6.623e-03 -1.000 1.512e-02 0.533 3.076 2.052 0.965 0.331 -0.173 -0.921 -1.516 -1.602
0.0152 0.01508 9.95424 1.0669298172 2.4859216213    0.990  1.699  3.6668  2.354    4  0.000  0.465     0.00     0.00     0.00     0.00     0.00 -1    -1e-30      0.00 6.935e-01 2.914e-01 2.310e-03 1.106e-03 6.623e-03 -1.000 1.512e-02 0.524 3.072 2.045 0.957 0.322 -0.183 -0.932 -1.527 -1.613
0.0152 0.01508 9.95424 1.0670317411 2.4859399796    0.990  1.698  3.6670  2.356    4  0.000  0.465     0.00     0.00     0.00     0.00     0.00 -1    -1e-30      0.00 6.935e-01 2.914e-01 2.310e-03 1.106e-03 6.623e-03 -1.000 1.512e-02 0.524 3.067 2.043 0.956 0.322 -0.182 -0.930 -1.525 -1.611
0.0152 0.01508 9.95424 1.0671343803 2.4859585762    0.991  1.696  3.6674  2.359    4  0.000  0.465     0.00     0.00     0.00     0.00     0.00 -1    -1e-30      0.00 6.935e-01 2.914e-01 2.310e-03 1.106e-03 6.623e-03 -1.000 1.512e-02 0.529 3.062 2.044 0.959 0.326 -0.178 -0.924 -1.517 -1.603
0.0152 0.01508 9.95424 1.0672409534 2.4859776497    0.991  1.693  3.6679  2.364    4  0.000  0.465     0.00     0.00     0.00     0.00     0.00 -1    -1e-30      0.00 6.935e-01 2.914e-01 2.310e-03 1.107e-03 6.623e-03 -1.000 1.512e-02 0.536 3.056 2.044 0.962 0.332 -0.171 -0.916 -1.507 -1.592
0.0152 0.01508 9.95424 1.0673432350 2.4859962463    0.991  1.691  3.6684  2.369    4  0.000  0.465     0.00     0.00     0.00     0.00     0.00 -1    -1e-30      0.00 6.935e-01 2.914e-01 2.309e-03 1.107e-03 6.623e-03 -1.000 1.512e-02 0.543 3.050 2.045 0.966 0.337 -0.165 -0.907 -1.497 -1.582
0.0152 0.01508 9.95424 1.0674510002 2.4860155582    0.991  1.688  3.6690  2.374    4  0.000  0.465     0.00     0.00     0.00     0.00     0.00 -1    -1e-30      0.00 6.935e-01 2.914e-01 2.309e-03 1.107e-03 6.623e-03 -1.000 1.512e-02 0.550 3.044 2.046 0.969 0.342 -0.158 -0.898 -1.487 -1.571
0.0152 0.01508 9.95424 1.0675545931 2.4860341549    0.991  1.685  3.6695  2.379    4  0.000  0.465     0.00     0.00     0.00     0.00     0.00 -1    -1e-30      0.00 6.935e-01 2.914e-01 2.309e-03 1.107e-03 6.623e-03 -1.000 1.512e-02 0.557 3.038 2.047 0.973 0.347 -0.152 -0.890 -1.477 -1.562
0.0152 0.01508 9.95424 1.0676561594 2.4860525131    0.991  1.683  3.6699  2.383    4  0.000  0.465     0.00     0.00     0.00     0.00     0.00 -1    -1e-30      0.00 6.935e-01 2.914e-01 2.309e-03 1.107e-03 6.623e-03 -1.000 1.512e-02 0.563 3.033 2.047 0.975 0.352 -0.146 -0.883 -1.469 -1.553
0.0152 0.01508 9.95424 1.0677667856 2.4860725403    0.991  1.681  3.6703  2.387    4  0.000  0.465     0.00     0.00     0.00     0.00     0.00 -1    -1e-30      0.00 6.935e-01 2.914e-01 2.309e-03 1.107e-03 6.623e-03 -1.000 1.512e-02 0.568 3.028 2.048 0.978 0.356 -0.141 -0.876 -1.461 -1.544
0.0152 0.01508 9.95424 1.0678771734 2.4860923290    0.991  1.679  3.6707  2.390    4  0.000  0.465     0.00     0.00     0.00     0.00     0.00 -1    -1e-30      0.00 6.935e-01 2.914e-01 2.309e-03 1.107e-03 6.623e-03 -1.000 1.512e-02 0.573 3.024 2.048 0.981 0.360 -0.137 -0.870 -1.454 -1.537
0.0152 0.01508 9.95424 1.0679882765 2.4861123562    0.992  1.677  3.6711  2.393    4  0.000  0.465     0.00     0.00     0.00     0.00     0.00 -1    -1e-30      0.00 6.935e-01 2.914e-01 2.309e-03 1.108e-03 6.623e-03 -1.000 1.512e-02 0.577 3.019 2.048 0.983 0.363 -0.133 -0.865 -1.447 -1.531
0.0152 0.01508 9.95424 1.0680963993 2.4861316681    0.992  1.676  3.6714  2.396    4  0.000  0.465     0.00     0.00     0.00     0.00     0.00 -1    -1e-30      0.00 6.935e-01 2.914e-01 2.309e-03 1.108e-03 6.623e-03 -1.000 1.512e-02 0.581 3.015 2.048 0.984 0.366 -0.129 -0.861 -1.442 -1.525
0.0152 0.01508 9.95424 1.0681449175 2.4861404896    0.992  1.675  3.6715  2.397    4  0.000  0.465     0.00     0.00     0.00     0.00     0.00 -1    -1e-30      0.00 6.935e-01 2.914e-01 2.309e-03 1.108e-03 6.623e-03 -1.000 1.512e-02 0.582 3.014 2.048 0.985 0.367 -0.128 -0.859 -1.440 -1.523
0.0152 0.01508 9.95424 1.0681784153 2.4861464500    0.992  1.675  3.6716  2.398    4  0.000  0.465     0.00     0.00     0.00     0.00     0.00 -1    -1e-30      0.00 6.935e-01 2.914e-01 2.309e-03 1.108e-03 6.623e-03 -1.000 1.512e-02 0.583 3.012 2.048 0.985 0.367 -0.127 -0.858 -1.439 -1.521
0.0152 0.01508 9.95424 1.0682822466 2.4861652851    0.992  1.674  3.6718  2.400    4  0.000  0.465     0.00     0.00     0.00     0.00     0.00 -1    -1e-30      0.00 6.935e-01 2.914e-01 2.309e-03 1.108e-03 6.623e-03 -1.000 1.512e-02 0.585 3.009 2.047 0.986 0.369 -0.125 -0.855 -1.435 -1.517
0.0152 0.01508 9.95424 1.0683829784 2.4861834049    0.992  1.673  3.6720  2.401    4  0.000  0.465     0.00     0.00     0.00     0.00     0.00 -1    -1e-30      0.00 6.935e-01 2.914e-01 2.308e-03 1.108e-03 6.624e-03 -1.000 1.512e-02 0.587 3.006 2.047 0.986 0.370 -0.124 -0.852 -1.432 -1.514
0.0152 0.01508 9.95424 1.0684797764 2.4862008095    0.992  1.673  3.6722  2.402    4  0.000  0.465     0.00     0.00     0.00     0.00     0.00 -1    -1e-30      0.00 6.934e-01 2.914e-01 2.308e-03 1.108e-03 6.624e-03 -1.000 1.512e-02 0.588 3.003 2.046 0.986 0.370 -0.123 -0.851 -1.430 -1.513
0.0152 0.01508 9.95424 1.0685837269 2.4862194061    0.992  1.673  3.6723  2.403    4  0.000  0.465     0.00     0.00     0.00     0.00     0.00 -1    -1e-30      0.00 6.934e-01 2.914e-01 2.308e-03 1.108e-03 6.624e-03 -1.000 1.512e-02 0.588 3.000 2.045 0.986 0.370 -0.123 -0.851 -1.429 -1.512
0.0152 0.01508 9.95424 1.0686820745 2.4862370491    0.992  1.673  3.6724  2.403    4  0.000  0.465     0.00     0.00     0.00     0.00     0.00 -1    -1e-30      0.00 6.934e-01 2.914e-01 2.308e-03 1.109e-03 6.624e-03 -1.000 1.512e-02 0.587 2.998 2.043 0.985 0.369 -0.124 -0.851 -1.429 -1.512
0.0152 0.01508 9.95424 1.0687828064 2.4862551689    0.993  1.674  3.6724  2.403    4  0.000  0.465     0.00     0.00     0.00     0.00     0.00 -1    -1e-30      0.00 6.934e-01 2.914e-01 2.308e-03 1.109e-03 6.624e-03 -1.000 1.512e-02 0.585 2.996 2.041 0.983 0.368 -0.125 -0.853 -1.431 -1.513
0.0152 0.01508 9.95424 1.0688817501 2.4862728119    0.993  1.675  3.6724  2.402    4  0.000  0.465     0.00     0.00     0.00     0.00     0.00 -1    -1e-30      0.00 6.934e-01 2.914e-01 2.308e-03 1.109e-03 6.624e-03 -1.000 1.512e-02 0.583 2.994 2.039 0.980 0.365 -0.128 -0.855 -1.434 -1.516
0.0152 0.01508 9.95424 1.0688886642 2.4862742424    0.993  1.675  3.6724  2.401    4  0.000  0.465     0.00     0.00     0.00     0.00     0.00 -1    -1e-30      0.00 6.934e-01 2.914e-01 2.308e-03 1.109e-03 6.624e-03 -1.000 1.512e-02 0.583 2.994 2.039 0.980 0.365 -0.128 -0.856 -1.434 -1.516
0.0152 0.01508 9.95424 1.0689312220 2.4862818718    0.993  1.676  3.6724  2.401    4  0.000  0.465     0.00     0.00     0.00     0.00     0.00 -1    -1e-30      0.00 6.934e-01 2.914e-01 2.308e-03 1.109e-03 6.624e-03 -1.000 1.512e-02 0.581 2.993 2.038 0.979 0.363 -0.130 -0.857 -1.436 -1.518
0.0152 0.01508 9.95424 1.0690358877 2.4863007069    0.993  1.677  3.6723  2.399    4  0.000  0.465     0.00     0.00     0.00     0.00     0.00 -1    -1e-30      0.00 6.934e-01 2.915e-01 2.308e-03 1.109e-03 6.624e-03 -1.000 1.512e-02 0.576 2.991 2.034 0.975 0.359 -0.134 -0.862 -1.441 -1.523
0.0152 0.01508 9.95424 1.0691393614 2.4863190651    0.993  1.680  3.6721  2.395    4  0.000  0.465     0.00     0.00     0.00     0.00     0.00 -1    -1e-30      0.00 6.934e-01 2.915e-01 2.308e-03 1.109e-03 6.624e-03 -1.000 1.512e-02 0.570 2.990 2.030 0.970 0.353 -0.140 -0.869 -1.448 -1.531
0.0152 0.01508 9.95424 1.0692423582 2.4863376617    0.993  1.683  3.6718  2.391    4  0.000  0.464     0.00     0.00     0.00     0.00     0.00 -1    -1e-30      0.00 6.934e-01 2.915e-01 2.308e-03 1.109e-03 6.624e-03 -1.000 1.512e-02 0.563 2.989 2.026 0.963 0.346 -0.148 -0.877 -1.457 -1.540
0.0152 0.01508 9.95424 1.0693479776 2.4863564968    0.993  1.687  3.6715  2.387    4  0.000  0.464     0.00     0.00     0.00     0.00     0.00 -1    -1e-30      0.00 6.934e-01 2.915e-01 2.307e-03 1.110e-03 6.624e-03 -1.000 1.512e-02 0.554 2.987 2.020 0.956 0.338 -0.157 -0.887 -1.468 -1.551
0.0152 0.01508 9.95424 1.0694521666 2.4863753319    0.993  1.691  3.6711  2.381    4  0.000  0.464     0.00     0.00     0.00     0.00     0.00 -1    -1e-30      0.00 6.934e-01 2.915e-01 2.307e-03 1.110e-03 6.624e-03 -1.000 1.512e-02 0.542 2.986 2.014 0.947 0.328 -0.168 -0.900 -1.482 -1.565
0.0152 0.01508 9.95424 1.0695562363 2.4863939285    0.994  1.696  3.6706  2.373    4  0.000  0.464     0.00     0.00     0.00     0.00     0.00 -1    -1e-30      0.00 6.934e-01 2.915e-01 2.307e-03 1.110e-03 6.624e-03 -1.000 1.512e-02 0.529 2.985 2.006 0.937 0.316 -0.181 -0.915 -1.498 -1.582
0.0152 0.01508 9.95424 1.0696600676 2.4864125252    0.994  1.703  3.6700  2.365    4  0.000  0.464     0.00     0.00     0.00     0.00     0.00 -1    -1e-30      0.00 6.934e-01 2.915e-01 2.307e-03 1.110e-03 6.624e-03 -1.000 1.512e-02 0.513 2.985 1.997 0.924 0.302 -0.196 -0.933 -1.518 -1.601
0.0152 0.01508 9.95424 1.0697629452 2.4864311218    0.994  1.710  3.6694  2.355    4  0.000  0.464     0.00     0.00     0.00     0.00     0.00 -1    -1e-30      0.00 6.934e-01 2.915e-01 2.307e-03 1.110e-03 6.624e-03 -1.000 1.512e-02 0.496 2.985 1.988 0.911 0.286 -0.213 -0.952 -1.539 -1.623
0.0152 0.01508 9.95424 1.0698685646 2.4864499569    0.994  1.719  3.6685  2.343    4  0.000  0.464     0.00     0.00     0.00     0.00     0.00 -1    -1e-30      0.00 6.934e-01 2.915e-01 2.307e-03 1.110e-03 6.624e-03 -1.000 1.512e-02 0.473 2.985 1.977 0.895 0.266 -0.235 -0.977 -1.567 -1.651
0.0152 0.01508 9.95424 1.0699756145 2.4864690304    0.994  1.722  3.6683  2.339    4  0.000  0.464     0.00     0.00     0.00     0.00     0.00 -1    -1e-30      0.00 6.934e-01 2.915e-01 2.307e-03 1.110e-03 6.624e-03 -1.000 1.512e-02 0.465 2.984 1.972 0.888 0.259 -0.243 -0.986 -1.576 -1.661
0.0152 0.01508 9.95424 1.0700819492 2.4864881039    0.994  1.749  3.6657  2.301    4  0.000  0.464     0.00     0.00     0.00     0.00     0.00 -1    -1e-30      0.00 6.934e-01 2.915e-01 2.307e-03 1.111e-03 6.624e-03 -1.000 1.512e-02 0.396 2.984 1.935 0.836 0.198 -0.310 -1.063 -1.661 -1.747
0.0152 0.01508 9.95424 1.0701645613 2.4865028858    0.994  1.788  3.6621  2.248    4  0.000  0.464     0.00     0.00     0.00     0.00     0.00 -1    -1e-30      0.00 6.934e-01 2.915e-01 2.307e-03 1.111e-03 6.624e-03 -1.000 1.512e-02 0.300 2.982 1.884 0.764 0.113 -0.403 -1.170 -1.778 -1.866
0.0152 0.01508 9.95424 1.0702056885 2.4865102768    0.994  1.826  3.6586  2.196    4  0.000  0.464     0.00     0.00     0.00     0.00     0.00 -1    -1e-30      0.00 6.934e-01 2.915e-01 2.307e-03 1.111e-03 6.624e-03 -1.000 1.512e-02 0.206 2.984 1.835 0.693 0.030 -0.494 -1.275 -1.893 -1.984
0.0152 0.01508 9.95424 1.0702288151 2.4865145683    0.994  1.866  3.6549  2.141    4  0.000  0.464     0.00     0.00     0.00     0.00     0.00 -1    -1e-30      0.00 6.934e-01 2.915e-01 2.307e-03 1.111e-03 6.624e-03 -1.000 1.512e-02 0.104 2.986 1.783 0.619 -0.058 -0.591 -1.387 -2.016 -2.110
0.0152 0.01508 9.95424 1.0702401400 2.4865164757    0.994  1.905  3.6515  2.089    4  0.000  0.464     0.00     0.00     0.00     0.00     0.00 -1    -1e-30      0.00 6.934e-01 2.915e-01 2.307e-03 1.111e-03 6.624e-03 -1.000 1.512e-02 0.009 2.989 1.734 0.548 -0.142 -0.683 -1.492 -2.132 -2.228
0.0152 0.01508 9.95424 1.0702462196 2.4865176678    0.994  1.943  3.6480  2.036    4  0.000  0.464     0.00     0.00     0.00     0.00     0.00 -1    -1e-30      0.00 6.934e-01 2.915e-01 2.307e-03 1.111e-03 6.624e-03 -1.000 1.512e-02 -0.088 2.994 1.686 0.479 -0.225 -0.775 -1.598 -2.249 -2.347
0.0152 0.01508 9.95424 1.0702497959 2.4865181446    0.994  1.982  3.6445  1.983    4  0.000  0.464     0.00     0.00     0.00     0.00     0.00 -1    -1e-30      0.00 6.934e-01 2.915e-01 2.307e-03 1.111e-03 6.624e-03 -1.000 1.512e-02 -0.186 2.994 1.639 0.408 -0.308 -0.868 -1.705 -2.365 -2.467
0.0152 0.01508 9.95424 1.0702521801 2.4865186214    0.994  2.022  3.6411  1.930    4  0.000  0.464     0.00     0.00     0.00     0.00     0.00 -1    -1e-30      0.00 6.934e-01 2.915e-01 2.307e-03 1.111e-03 6.624e-03 -1.000 1.512e-02 -0.284 2.975 1.591 0.335 -0.391 -0.960 -1.811 -2.477 -2.584
0.0152 0.01508 9.95424 1.0702533722 2.4865188599    0.994  2.048  3.6388  1.894    7  0.000  0.464     0.00     0.00     0.00     0.00     0.00 -1    -1e-30      0.00 6.934e-01 2.915e-01 2.307e-03 1.111e-03 6.624e-03 -1.000 1.512e-02 -0.351 2.961 1.559 0.286 -0.447 -1.021 -1.882 -2.552 -2.662
0.0152 0.01508 9.95424 1.0702538490 2.4865188599    0.994  2.058  3.6379  1.881    7  0.000  0.464     0.00     0.00     0.00     0.00     0.00 -1    -1e-30      0.00 6.934e-01 2.915e-01 2.307e-03 1.111e-03 6.624e-03 -1.000 1.512e-02 -0.376 2.955 1.547 0.267 -0.468 -1.045 -1.910 -2.581 -2.693
0.0152 0.01508 9.95424 1.0702556372 2.4865193367    0.994  2.104  3.6340  1.820    7  0.000  0.464     0.00     0.00     0.00     0.00     0.00 -1    -1e-30      0.00 6.934e-01 2.915e-01 2.307e-03 1.111e-03 6.624e-03 -1.000 1.512e-02 -0.490 2.928 1.491 0.184 -0.562 -1.149 -2.031 -2.709 -2.827
0.0152 0.01508 9.95424 1.0702573061 2.4865195751    0.994  2.141  3.6308  1.770    7  0.000  0.464     0.00     0.00     0.00     0.00     0.00 -1    -1e-30      0.00 6.934e-01 2.915e-01 2.307e-03 1.111e-03 6.624e-03 -1.000 1.512e-02 -0.582 2.903 1.444 0.115 -0.638 -1.234 -2.129 -2.813 -2.936
0.0152 0.01508 9.95424 1.0702617168 2.4865202904    0.994  2.153  3.6299  1.754    7  0.000  0.464     0.00     0.00     0.00     0.00     0.00 -1    -1e-30      0.00 6.934e-01 2.915e-01 2.307e-03 1.111e-03 6.624e-03 -1.000 1.512e-02 -0.612 2.893 1.428 0.092 -0.663 -1.262 -2.161 -2.846 -2.971
0.0152 0.01508 9.95424 1.0702661276 2.4865212440    0.994  2.129  3.6319  1.786    7  0.000  0.464     0.00     0.00     0.00     0.00     0.00 -1    -1e-30      0.00 6.934e-01 2.915e-01 2.307e-03 1.111e-03 6.624e-03 -1.000 1.512e-02 -0.553 2.908 1.457 0.136 -0.615 -1.208 -2.098 -2.780 -2.901
0.0152 0.01508 9.95424 1.0703061819 2.4865283966    0.994  2.106  3.6339  1.817    7  0.000  0.464     0.00     0.00     0.00     0.00     0.00 -1 -2.25e-21      0.00 6.934e-01 2.909e-01 2.307e-03 1.111e-03 6.624e-03 -1.000 1.571e-02 -0.494 2.925 1.488 0.180 -0.566 -1.154 -2.035 -2.714 -2.832
0.0152 0.01508 9.95424 1.0703731775 2.4865403175    0.993  2.134  3.6314  1.779    7  0.000  0.464     0.00     0.00     0.00     0.00     0.00 -1 -6.92e-10      0.00 6.934e-01 2.902e-01 2.306e-03 1.111e-03 6.624e-03 -1.000 1.643e-02 -0.565 2.908 1.453 0.128 -0.624 -1.218 -2.111 -2.794 -2.915
0.0152 0.01508 9.95424 1.0704121590 2.4865472317    0.992  2.171  3.6281  1.728    7  0.000  0.464     0.00     0.00     0.00     0.00     0.00 -1 -8.46e-10      0.00 6.934e-01 2.902e-01 2.306e-03 1.111e-03 6.624e-03 -1.000 1.643e-02 -0.659 2.882 1.407 0.061 -0.699 -1.304 -2.211 -2.899 -3.027
0.0152 0.01508 9.95424 1.0704486370 2.4865539074    0.991  2.211  3.6247  1.674    7  0.000  0.464     0.00     0.00     0.00     0.00     0.00 -1 -1.05e-09      0.00 6.934e-01 2.902e-01 2.306e-03 1.111e-03 6.624e-03 -1.000 1.643e-02 -0.758 2.850 1.357 -0.010 -0.779 -1.394 -2.316 -3.011 -3.144
0.0152 0.01508 9.95424 1.0704809427 2.4865596294    0.990  2.252  3.6211  1.618    7  0.000  0.464     0.00     0.00     0.00     0.00     0.00 -1 -1.29e-09      0.00 6.934e-01 2.902e-01 2.306e-03 1.111e-03 6.624e-03 -1.000 1.643e-02 -0.860 2.816 1.304 -0.084 -0.861 -1.486 -2.424 -3.125 -3.266
0.0152 0.01508 9.95424 1.0705087185 2.4865646362    0.989  2.293  3.6176  1.563    7  0.000  0.464     0.00     0.00     0.00     0.00     0.00 -1 -1.58e-09      0.00 6.934e-01 2.902e-01 2.306e-03 1.111e-03 6.624e-03 -1.000 1.643e-02 -0.963 2.779 1.252 -0.156 -0.941 -1.578 -2.532 -3.240 -3.387
0.0152 0.01508 9.95424 1.0705330372 2.4865689278    0.988  2.334  3.6141  1.507    7  0.000  0.464     0.00     0.00     0.00     0.00     0.00 -1 -1.94e-09      0.00 6.934e-01 2.902e-01 2.306e-03 1.111e-03 6.624e-03 -1.000 1.643e-02 -1.065 2.742 1.200 -0.227 -1.019 -1.668 -2.640 -3.354 -3.508
0.0152 0.01508 9.95424 1.0705548525 2.4865727425    0.987  2.375  3.6104  1.451    7  0.000  0.464     0.00     0.00     0.00     0.00     0.00 -1 -2.39e-09      0.00 6.934e-01 2.902e-01 2.306e-03 1.111e-03 6.624e-03 -1.000 1.643e-02 -1.168 2.748 1.156 -0.292 -1.099 -1.762 -2.751 -3.475 -3.635
0.0152 0.01508 9.95424 1.0705740452 2.4865763187    0.985  2.417  3.6068  1.394    7  0.000  0.464     0.00     0.00     0.00     0.00     0.00 -1 -2.95e-09      0.00 6.934e-01 2.902e-01 2.306e-03 1.111e-03 6.624e-03 -1.000 1.643e-02 -1.272 2.759 1.116 -0.352 -1.174 -1.856 -2.863 -3.597 -3.762
0.0152 0.01508 9.95424 1.0705910921 2.4865794182    0.983  2.458  3.6032  1.338    7  0.000  0.464     0.00     0.00     0.00     0.00     0.00 -1 -3.63e-09      0.00 6.934e-01 2.902e-01 2.306e-03 1.111e-03 6.624e-03 -1.000 1.643e-02 -1.374 2.771 1.077 -0.411 -1.248 -1.949 -2.973 -3.717 -3.888
0.0152 0.01508 9.95424 1.0706065893 2.4865820408    0.982  2.498  3.5995  1.282    7  0.000  0.464     0.00     0.00     0.00     0.00     0.00 -1 -4.46e-09      0.00 6.934e-01 2.902e-01 2.306e-03 1.111e-03 6.624e-03 -1.000 1.643e-02 -1.476 2.784 1.040 -0.468 -1.321 -2.041 -3.083 -3.838 -4.014
0.0152 0.01508 9.95424 1.0706210136 2.4865846634    0.979  2.539  3.5958  1.225    7  0.000  0.464    12.79     9.24     6.44     4.98     4.04  3 -5.48e-09      0.00 6.934e-01 2.902e-01 2.306e-03 1.112e-03 6.624e-03 -1.000 1.640e-02 -1.578 2.791 1.007 -0.517 -1.387 -2.132 -3.193 -3.958 -4.139
0.0152 0.01508 9.95424 1.0706344843 2.4865870476    0.977  2.579  3.5905  1.162    7  0.000  0.464    14.57    10.35     7.17     5.56     4.51  3 -6.67e-09      0.00 6.934e-01 2.903e-01 2.304e-03 1.112e-03 6.624e-03 -1.000 1.638e-02 -1.678 2.839 1.003 -0.543 -1.436 -2.217 -3.306 -4.086 -4.275
0.0152 0.01508 9.95424 1.0706475973 2.4865894318    0.974  2.621  3.5846  1.096    7  0.000  0.463    16.71    11.65     8.04     6.23     5.06  3 -8.12e-09      0.00 6.934e-01 2.903e-01 2.301e-03 1.115e-03 6.624e-03 -1.000 1.637e-02 -1.781 2.888 1.014 -0.548 -1.469 -2.301 -3.423 -4.219 -4.417
0.0152 0.01508 9.95424 1.0706598759 2.4865915775    0.971  2.661  3.5791  1.032    7  0.000  0.462    19.08    13.07     8.97     6.97     5.66  3 -9.93e-09      0.00 6.934e-01 2.903e-01 2.296e-03 1.120e-03 6.624e-03 -1.000 1.637e-02 -1.883 2.927 1.021 -0.556 -1.503 -2.384 -3.537 -4.349 -4.554
0.0152 0.01508 9.95424 1.0706713200 2.4865937233    0.967  2.702  3.5750  0.974    7  0.000  0.461    21.55    14.52     9.91     7.72     6.27  3 -1.21e-08      0.00 6.934e-01 2.903e-01 2.289e-03 1.128e-03 6.624e-03 -1.000 1.637e-02 -1.984 2.934 1.015 -0.569 -1.540 -2.469 -3.650 -4.471 -4.683
0.0152 0.01508 9.95424 1.0706819296 2.4865956306    0.963  2.742  3.5707  0.914    7  0.000  0.459    24.38    16.16    10.98     8.56     6.95  3 -1.48e-08      0.00 6.934e-01 2.903e-01 2.281e-03 1.137e-03 6.624e-03 -1.000 1.637e-02 -2.086 2.948 1.013 -0.579 -1.575 -2.554 -3.763 -4.594 -4.813
0.0152 0.01508 9.95424 1.0706913471 2.4865972996    0.958  2.783  3.5664  0.854    7  0.000  0.458    27.61    17.98    12.16     9.50     7.72  2 -1.81e-08      0.00 6.934e-01 2.903e-01 2.275e-03 1.145e-03 6.624e-03 -1.000 1.635e-02 -2.188 2.955 1.023 -0.568 -1.595 -2.635 -3.878 -4.717 -4.943
0.0152 0.01508 9.95424 1.0706977844 2.4865984917    0.955  2.821  3.5622  0.798    7  0.000  0.457    31.04    19.90    13.39    10.48     8.51  2 -2.18e-08      0.00 6.934e-01 2.903e-01 2.270e-03 1.151e-03 6.624e-03 -1.000 1.633e-02 -2.283 2.963 1.038 -0.552 -1.609 -2.709 -3.986 -4.834 -5.066
0.0152 0.01508 9.95424 1.0707023144 2.4865992069    0.951  2.858  3.5581  0.743    7  0.000  0.456    34.75    21.94    14.69    11.52     9.36  2 -2.59e-08      0.00 6.934e-01 2.903e-01 2.265e-03 1.157e-03 6.624e-03 -1.000 1.633e-02 -2.374 2.971 1.063 -0.521 -1.612 -2.776 -4.089 -4.946 -5.185
0.0152 0.01508 9.95424 1.0707062483 2.4865999222    0.948  2.895  3.5538  0.687    7  0.000  0.455    39.04    24.25    16.17    12.69    10.32  2 -3.07e-08      0.00 6.934e-01 2.903e-01 2.260e-03 1.163e-03 6.624e-03 -1.000 1.633e-02 -2.467 2.979 1.104 -0.471 -1.603 -2.840 -4.195 -5.060 -5.306
0.0152 0.01508 9.95424 1.0707097054 2.4866006374    0.945  2.933  3.5493  0.630    7  0.000  0.454    43.97    26.87    17.83    14.02    11.40  2 -3.64e-08      0.00 6.934e-01 2.903e-01 2.257e-03 1.167e-03 6.624e-03 -1.000 1.633e-02 -2.561 2.988 1.151 -0.411 -1.587 -2.901 -4.302 -5.176 -5.430
0.0152 0.01508 9.95424 1.0707129240 2.4866011143    0.941  2.970  3.5448  0.573    7  0.000  0.454    49.53    29.77    19.67    15.49    12.60  2 -4.34e-08      0.00 6.934e-01 2.903e-01 2.254e-03 1.171e-03 6.624e-03 -1.000 1.633e-02 -2.655 2.996 1.219 -0.323 -1.555 -2.949 -4.411 -5.292 -5.553
0.0152 0.01508 9.95424 1.0707159042 2.4866015911    0.937  3.006  3.5403  0.517    7  0.000  0.453    55.55    32.86    21.61    17.04    13.86  2 -5.14e-08      0.00 6.934e-01 2.903e-01 2.252e-03 1.173e-03 6.624e-03 -1.000 1.633e-02 -2.744 3.006 1.289 -0.234 -1.519 -2.994 -4.514 -5.403 -5.672
0.0152 0.01508 9.95424 1.0707187653 2.4866020679    0.932  3.041  3.5357  0.461    7  0.000  0.453    62.44    36.33    23.78    18.79    15.29  2 -6.06e-08      0.00 6.934e-01 2.903e-01 2.250e-03 1.175e-03 6.624e-03 -1.000 1.633e-02 -2.833 3.018 1.392 -0.104 -1.461 -3.020 -4.618 -5.513 -5.791
0.0152 0.01508 9.95424 1.0707219839 2.4866027832    0.926  3.080  3.5305  0.399    7  0.000  0.453    71.06    40.60    26.44    20.93    17.03  1 -7.29e-08      0.00 6.934e-01 2.903e-01 2.250e-03 1.176e-03 6.624e-03 -1.000 1.633e-02 -2.929 3.034 1.514 0.050 -1.390 -3.044 -4.733 -5.635 -5.922
0.0152 0.01508 9.95424 1.0707252026 2.4866032600    0.918  3.116  3.5253  0.338    7  0.000  0.453    80.57    45.21    29.29    23.23    18.91  1 -8.72e-08      0.00 6.934e-01 2.903e-01 2.250e-03 1.176e-03 6.624e-03 -1.000 1.633e-02 -3.020 3.051 1.669 0.243 -1.296 -3.033 -4.842 -5.749 -6.046
0.0152 0.01508 9.95424 1.0707287788 2.4866039753    0.908  3.152  3.5200  0.276    7  0.000  0.453    91.60    50.44    32.51    25.84    21.03  1 -1.05e-07      0.00 6.934e-01 2.903e-01 2.250e-03 1.176e-03 6.624e-03 -1.000 1.633e-02 -3.110 3.074 1.843 0.457 -1.189 -3.013 -4.950 -5.863 -6.171
0.0152 0.01508 9.95424 1.0707323551 2.4866046906    0.895  3.190  3.5142  0.209    7  0.000  0.453   105.20    56.74    36.37    28.97    23.59  1 -1.27e-07      0.00 6.934e-01 2.903e-01 2.250e-03 1.176e-03 6.624e-03 -1.000 1.633e-02 -3.205 3.103 2.079 0.759 -1.027 -2.937 -5.063 -5.983 -6.303
0.0152 0.01508 9.95424 1.0707347393 2.4866049290    0.886  3.148  3.5192  0.266    7  0.000  0.453    93.14    51.04    32.87    26.15    21.28  1 -1.11e-07      0.00 6.934e-01 2.903e-01 2.250e-03 1.176e-03 6.624e-03 -1.000 1.633e-02 -3.101 3.102 1.900 0.523 -1.143 -2.979 -4.943 -5.857 -6.167
0.0152 0.01508 9.95424 1.0707353354 2.4866051674    0.883  3.225  3.5084  0.144    7  0.000  0.453   120.24    63.55    40.52    32.34    26.34  1 -1.54e-07      0.00 6.934e-01 2.903e-01 2.250e-03 1.176e-03 6.624e-03 -1.000 1.633e-02 -3.293 3.132 2.308 1.052 -0.868 -2.857 -5.170 -6.096 -6.428
0.0152 0.01508 9.95424 1.0707354546 2.4866051674    0.882  3.241  3.5061  0.119    7  0.000  0.453   126.81    66.52    42.32    33.80    27.53  1 -1.64e-07      0.00 6.934e-01 2.903e-01 2.250e-03 1.176e-03 6.624e-03 -1.000 1.633e-02 -3.333 3.135 2.378 1.144 -0.822 -2.834 -5.217 -6.145 -6.481
0.0152 0.01508 9.95424 1.0707355738 2.4866051674    0.882  3.251  3.5047  0.103    7  0.000  0.453   131.18    68.48    43.51    34.77    28.32  1 -1.71e-07      0.00 6.934e-01 2.903e-01 2.250e-03 1.176e-03 6.624e-03 -1.000 1.633e-02 -3.359 3.137 2.425 1.204 -0.790 -2.818 -5.248 -6.176 -6.515
0.0152 0.01508 9.95424 1.0707356930 2.4866051674    0.881  3.266  3.5025  0.079    7  0.000  0.453   137.87    71.47    45.32    36.24    29.52  1 -1.82e-07      0.00 6.934e-01 2.903e-01 2.250e-03 1.176e-03 6.624e-03 -1.000 1.633e-02 -3.395 3.142 2.500 1.300 -0.739 -2.790 -5.291 -6.222 -6.565
0.0152 0.01508 9.95424 1.0707358122 2.4866051674    0.880  3.285  3.4996  0.048    7  0.000  0.453   147.14    75.57    47.80    38.26    31.17  1 -1.98e-07      0.00 6.934e-01 2.903e-01 2.250e-03 1.176e-03 6.624e-03 -1.000 1.633e-02 -3.443 3.150 2.602 1.429 -0.669 -2.749 -5.348 -6.281 -6.631
0.0152 0.01508 9.95424 1.0707359314 2.4866051674    0.880  3.303  3.4969  0.019    7  0.000  0.453   155.31    79.56    50.21    40.22    32.77  1 -2.13e-07      0.00 6.934e-01 2.903e-01 2.250e-03 1.176e-03 6.624e-03 -1.000 1.633e-02 -3.487 3.155 2.685 1.528 -0.613 -2.712 -5.399 -6.336 -6.690
0.0152 0.01508 9.95424 1.0707361698 2.4866054058    0.877  3.332  3.4924 -0.030    7  0.000  0.453   167.26    86.86    54.59    43.79    35.69  1 -2.41e-07      0.00 6.934e-01 2.903e-01 2.250e-03 1.176e-03 6.624e-03 -1.000 1.633e-02 -3.561 3.167 2.830 1.702 -0.516 -2.647 -5.487 -6.429 -6.792
0.0152 0.01508 9.95424 1.0707364082 2.4866054058    0.876  3.349  3.4897 -0.057    7  0.000  0.453   174.43    91.29    57.25    45.95    37.46  1 -2.58e-07      0.00 6.934e-01 2.903e-01 2.250e-03 1.176e-03 6.624e-03 -1.000 1.633e-02 -3.602 3.174 2.911 1.797 -0.462 -2.611 -5.536 -6.480 -6.848
0.0152 0.01508 9.95424 1.0707367659 2.4866054058    0.873  3.373  3.4857 -0.099    7  0.521  0.453   185.76    98.37    61.48    49.41    40.28  1 -2.87e-07      0.00 6.934e-01 2.903e-01 2.250e-03 1.176e-03 6.624e-03 -1.000 1.633e-02 -3.663 3.181 2.987 1.853 -0.428 -2.585 -5.608 -6.556 -6.930
0.0152 0.01508 9.95424 1.0707371235 2.4866054058    0.869  3.393  3.4823 -0.135    7  0.521  0.453   196.00   104.86    65.34    52.57    42.86  1 -3.15e-07      0.00 6.934e-01 2.903e-01 2.250e-03 1.176e-03 6.624e-03 -1.000 1.633e-02 -3.713 3.188 3.055 1.903 -0.397 -2.561 -5.669 -6.620 -7.000
0.0152 0.01508 9.95424 1.0707376003 2.4866056442    0.864  3.412  3.4790 -0.169    8  0.521  0.474   206.07   111.35    69.18    55.73    45.44  1 -3.44e-07      0.00 6.934e-01 2.916e-01 2.360e-03 1.178e-03 6.640e-03 -1.000 1.508e-02 -3.759 3.197 3.116 1.947 -0.368 -2.540 -5.724 -6.677 -7.063
0.0152 0.01508 9.95424 1.0707376003 2.4866056442    0.863  3.135  3.5180  0.263    8  0.521  0.474    93.30    50.99    32.81    26.13    21.27  1 -1.13e-07      0.00 6.934e-01 2.916e-01 2.360e-03 1.178e-03 6.640e-03 -1.000 1.508e-02 -3.069 3.149 1.993 0.632 -1.060 -2.913 -4.915 -5.830 -6.142
0.0152 0.01508 9.95424 1.0707377195 2.4866056442    0.863  3.008  3.5362  0.463    8  0.521  0.474    61.19    35.50    23.22    18.39    14.96  1 -6.68e-08      0.00 6.934e-01 2.916e-01 2.360e-03 1.178e-03 6.640e-03 -1.000 1.508e-02 -2.750 3.093 1.453 -0.047 -1.395 -2.945 -4.534 -5.428 -5.705
0.0152 0.01508 9.95424 1.0707377195 2.4866056442    0.862  2.845  3.5595  0.719    8  0.521  0.474    35.69    22.35    14.93    11.75     9.54  2 -3.33e-08      0.00 6.934e-01 2.916e-01 2.360e-03 1.178e-03 6.640e-03 -1.000 1.508e-02 -2.342 3.005 1.064 -0.534 -1.615 -2.754 -4.053 -4.905 -5.143
0.0152 0.01508 9.95424 1.0707379580 2.4866056442    0.861  2.871  3.5555  0.676    8  0.521  0.474    39.05    24.14    16.07    12.66    10.28  2 -3.75e-08      0.00 6.934e-01 2.916e-01 2.360e-03 1.178e-03 6.640e-03 -1.000 1.508e-02 -2.408 3.025 1.118 -0.468 -1.586 -2.792 -4.131 -4.991 -5.235
0.0152 0.01508 9.95424 1.0707380772 2.4866056442    0.859  3.000  3.5368  0.471    8  0.521  0.474    60.08    34.94    22.87    18.11    14.73  1 -6.54e-08      0.00 6.934e-01 2.916e-01 2.360e-03 1.178e-03 6.640e-03 -1.000 1.508e-02 -2.730 3.100 1.450 -0.052 -1.393 -2.932 -4.512 -5.405 -5.681
0.0152 0.01508 9.95424 1.0707383156 2.4866056442    0.857  3.160  3.5134  0.216    8  0.522  0.474   102.74    55.34    35.48    28.29    23.03  1 -1.28e-07      0.00 6.934e-01 2.916e-01 2.360e-03 1.178e-03 6.640e-03 -1.000 1.508e-02 -3.131 3.179 2.189 0.883 -0.920 -2.840 -4.991 -5.912 -6.234
0.0152 0.01508 9.95424 1.0707385540 2.4866056442    0.855  3.291  3.4943  0.008    8  0.522  0.474   156.36    80.62    50.81    40.75    33.20  1 -2.18e-07      0.00 6.934e-01 2.916e-01 2.360e-03 1.178e-03 6.640e-03 -1.000 1.508e-02 -3.457 3.217 2.826 1.691 -0.490 -2.606 -5.378 -6.318 -6.676
0.0152 0.01508 9.95424 1.0707389116 2.4866058826    0.852  3.373  3.4820 -0.125    8  0.522  0.474   191.58   102.44    63.87    51.41    41.91  1 -3.06e-07      0.00 6.934e-01 2.916e-01 2.360e-03 1.178e-03 6.640e-03 -1.000 1.508e-02 -3.664 3.229 3.102 1.952 -0.345 -2.508 -5.620 -6.571 -6.951
0.0152 0.01508 9.95424 1.0707391500 2.4866058826    0.849  3.415  3.4756 -0.194    8  0.522  0.474   212.59   115.85    71.83    57.93    47.23  1 -3.63e-07      0.00 6.934e-01 2.916e-01 2.360e-03 1.178e-03 6.640e-03 -1.000 1.508e-02 -3.767 3.232 3.199 2.014 -0.312 -2.491 -5.741 -6.696 -7.086
0.0152 0.01508 9.95424 1.0707396269 2.4866058826    0.845  3.432  3.4725 -0.225    8  0.522  0.474   222.58   122.37    75.67    61.09    49.81  1 -3.92e-07      0.01 6.934e-01 2.916e-01 2.360e-03 1.178e-03 6.640e-03 -1.000 1.508e-02 -3.809 3.237 3.244 2.043 -0.294 -2.481 -5.792 -6.749 -7.143
0.0152 0.01508 9.95424 1.0707399845 2.4866058826    0.841  3.439  3.4708 -0.241    8  0.523  0.474   227.95   125.94    77.77    62.82    51.23  1 -4.09e-07      0.01 6.934e-01 2.916e-01 2.360e-03 1.178e-03 6.640e-03 -1.000 1.508e-02 -3.828 3.245 3.276 2.065 -0.279 -2.469 -5.815 -6.774 -7.170
0.0152 0.01508 9.95424 1.0707399845 2.4866058826    0.841  3.221  3.5021  0.102    8  0.523  0.474   130.24    67.67    42.97    34.40    28.01  1 -1.72e-07      0.00 6.934e-01 2.916e-01 2.360e-03 1.178e-03 6.640e-03 -1.000 1.508e-02 -3.282 3.234 2.608 1.418 -0.621 -2.673 -5.179 -6.111 -6.453
0.0152 0.01508 9.95424 1.0707401037 2.4866058826    0.840  3.041  3.5280  0.386    8  0.523  0.474    71.62    40.54    26.34    20.93    17.02  1 -8.26e-08      0.00 6.934e-01 2.916e-01 2.360e-03 1.178e-03 6.640e-03 -1.000 1.508e-02 -2.832 3.170 1.723 0.281 -1.204 -2.898 -4.644 -5.549 -5.840
0.0152 0.01508 9.95424 1.0707402229 2.4866061211    0.839  2.877  3.5513  0.642    8  0.523  0.474    41.70    25.51    16.92    13.35    10.85  2 -4.15e-08      0.00 6.934e-01 2.916e-01 2.360e-03 1.178e-03 6.640e-03 -1.000 1.508e-02 -2.423 3.091 1.226 -0.346 -1.502 -2.779 -4.158 -5.028 -5.278
0.0152 0.01508 9.95424 1.0707403421 2.4866061211    0.838  2.903  3.5475  0.600    8  0.523  0.474    45.57    27.52    18.20    14.37    11.68  2 -4.67e-08      0.00 6.934e-01 2.916e-01 2.360e-03 1.178e-03 6.640e-03 -1.000 1.508e-02 -2.488 3.108 1.291 -0.265 -1.464 -2.810 -4.235 -5.112 -5.369
0.0152 0.01508 9.95424 1.0707404613 2.4866061211    0.836  3.031  3.5289  0.397    8  0.523  0.474    69.87    39.67    25.80    20.49    16.66  1 -8.05e-08      0.00 6.934e-01 2.916e-01 2.360e-03 1.178e-03 6.640e-03 -1.000 1.508e-02 -2.807 3.176 1.703 0.254 -1.212 -2.892 -4.616 -5.520 -5.809
0.0152 0.01508 9.95424 1.0707406998 2.4866061211    0.833  3.189  3.5058  0.145    8  0.523  0.474   118.96    62.55    39.85    31.87    25.94  1 -1.56e-07      0.00 6.934e-01 2.916e-01 2.360e-03 1.178e-03 6.640e-03 -1.000 1.508e-02 -3.203 3.243 2.505 1.280 -0.685 -2.698 -5.088 -6.017 -6.352
0.0152 0.01508 9.95424 1.0707409382 2.4866061211    0.830  3.318  3.4868 -0.062    8  0.523  0.474   172.17    90.76    56.86    45.73    37.26  1 -2.63e-07      0.00 6.934e-01 2.916e-01 2.360e-03 1.178e-03 6.640e-03 -1.000 1.508e-02 -3.526 3.272 3.062 1.940 -0.328 -2.480 -5.468 -6.415 -6.786
0.0152 0.01508 9.95424 1.0707412958 2.4866061211    0.827  3.399  3.4747 -0.193    8  0.523  0.474   210.42   114.97    71.26    57.52    46.89  1 -3.67e-07      0.00 6.934e-01 2.916e-01 2.360e-03 1.178e-03 6.640e-03 -1.000 1.508e-02 -3.729 3.274 3.252 2.066 -0.261 -2.441 -5.705 -6.661 -7.051
0.0152 0.01508 9.95424 1.0707416534 2.4866063595    0.823  3.440  3.4684 -0.261    8  0.524  0.474   233.01   129.71    79.95    64.66    52.73  0 -4.35e-07      0.01 6.934e-01 2.916e-01 2.360e-03 1.178e-03 6.640e-03 -1.000 1.508e-02 -3.829 3.276 3.336 2.114 -0.237 -2.434 -5.822 -6.782 -7.181
0.0152 0.01508 9.95424 1.0707420111 2.4866063595    0.819  3.456  3.4656 -0.290    8  0.524  0.474   243.51   136.72    84.06    68.05    55.50  0  -4.7e-07      0.01 6.934e-01 2.916e-01 2.360e-03 1.178e-03 6.640e-03 -1.000 1.508e-02 -3.870 3.276 3.368 2.134 -0.227 -2.433 -5.870 -6.830 -7.234
0.0152 0.01508 9.95424 1.0707424879 2.4866063595    0.814  3.463  3.4641 -0.306    8  0.524  0.474   248.89   140.40    86.22    69.84    56.95  0 -4.91e-07      0.01 6.934e-01 2.916e-01 2.360e-03 1.178e-03 6.640e-03 -1.000 1.508e-02 -3.887 3.281 3.389 2.149 -0.217 -2.428 -5.891 -6.852 -7.257
0.0152 0.01508 9.95424 1.0707424879 2.4866063595    0.813  3.250  3.4950  0.031    8  0.524  0.474   148.26    76.41    48.22    38.71    31.52  1 -2.12e-07      0.00 6.934e-01 2.916e-01 2.360e-03 1.178e-03 6.640e-03 -1.000 1.509e-02 -3.355 3.291 2.881 1.744 -0.421 -2.530 -5.273 -6.212 -6.568
0.0152 0.01508 9.95424 1.0707426071 2.4866063595    0.813  3.070  3.5210  0.314    8  0.524  0.474    82.88    45.79    29.57    23.56    19.16  1 -1.03e-07      0.00 6.934e-01 2.916e-01 2.360e-03 1.178e-03 6.640e-03 -1.000 1.508e-02 -2.906 3.235 1.985 0.598 -1.023 -2.829 -4.742 -5.654 -5.960
0.0152 0.01508 9.95424 1.0707427263 2.4866063595    0.811  2.907  3.5447  0.571    8  0.524  0.474    48.09    28.75    18.96    15.01    12.19  2 -5.23e-08      0.00 6.934e-01 2.916e-01 2.360e-03 1.178e-03 6.640e-03 -1.000 1.508e-02 -2.498 3.156 1.379 -0.163 -1.396 -2.791 -4.254 -5.135 -5.396
0.0152 0.01508 9.95424 1.0707428455 2.4866065979    0.809  2.933  3.5408  0.528    8  0.525  0.474    52.59    31.03    20.39    16.16    13.13  1 -5.88e-08      0.00 6.934e-01 2.916e-01 2.360e-03 1.178e-03 6.640e-03 -1.000 1.509e-02 -2.562 3.173 1.452 -0.071 -1.351 -2.817 -4.330 -5.219 -5.486
0.0152 0.01508 9.95424 1.0707430840 2.4866065979    0.806  3.059  3.5222  0.326    8  0.525  0.474    80.55    44.65    28.86    23.00    18.70  1 -1.01e-07      0.00 6.934e-01 2.916e-01 2.360e-03 1.178e-03 6.640e-03 -1.000 1.509e-02 -2.877 3.239 1.957 0.560 -1.038 -2.825 -4.709 -5.620 -5.923
0.0152 0.01508 9.95424 1.0707433224 2.4866065979    0.802  3.215  3.4990  0.075    8  0.525  0.474   136.97    70.23    44.47    35.68    29.04  1 -1.93e-07      0.00 6.934e-01 2.916e-01 2.360e-03 1.178e-03 6.640e-03 -1.000 1.508e-02 -3.268 3.302 2.774 1.612 -0.486 -2.566 -5.174 -6.109 -6.458
0.0152 0.01508 9.95424 1.0707436800 2.4866065979    0.798  3.343  3.4800 -0.130    8  0.525  0.474   188.65   101.72    63.35    51.11    41.64  1 -3.24e-07      0.00 6.934e-01 2.916e-01 2.360e-03 1.178e-03 6.640e-03 -1.000 1.508e-02 -3.587 3.326 3.233 2.076 -0.227 -2.393 -5.548 -6.502 -6.884
0.0152 0.01508 9.95424 1.0707440376 2.4866065979    0.793  3.423  3.4679 -0.262    8  0.525  0.474   230.38   128.75    79.32    64.23    52.36  0 -4.51e-07      0.01 6.934e-01 2.916e-01 2.360e-03 1.178e-03 6.640e-03 -1.000 1.508e-02 -3.787 3.325 3.390 2.167 -0.185 -2.384 -5.780 -6.740 -7.141
0.0152 0.01508 9.95424 1.0707443953 2.4866068363    0.788  3.462  3.4616 -0.329    8  0.526  0.474   252.16    -1.00    -1.00    -1.00    -1.00  0 -5.36e-07      0.01 6.934e-01 2.916e-01 2.360e-03 1.178e-03 6.640e-03 -1.000 1.508e-02 -3.885 3.323 3.458 2.204 -0.171 -2.389 -5.895 -6.857 -7.267
0.0152 0.01508 9.95424 1.0707448721 2.4866068363    0.782  3.478  3.4589 -0.359    8  0.526  0.474   248.70    -1.00    -1.00    -1.00    -1.00  0 -5.82e-07      0.01 6.934e-01 2.916e-01 2.360e-03 1.178e-03 6.640e-03 -1.000 1.508e-02 -3.925 3.332 3.494 2.229 -0.160 -2.389 -5.941 -6.905 -7.318
0.0152 0.01508 9.95424 1.0707453489 2.4866068363    0.775  3.484  3.4575 -0.375    8  0.526  0.474   244.92    -1.00    -1.00    -1.00    -1.00  0 -6.12e-07      0.01 6.934e-01 2.916e-01 2.360e-03 1.178e-03 6.640e-03 -1.000 1.508e-02 -3.941 3.345 3.517 2.249 -0.150 -2.386 -5.960 -6.924 -7.340
0.0152 0.01508 9.95424 1.0707453489 2.4866068363    0.775  3.278  3.4881 -0.046    8  0.526  0.474   163.98    86.73    54.36    43.80    35.67  1 -2.74e-07      0.00 6.934e-01 2.916e-01 2.360e-03 1.178e-03 6.640e-03 -1.000 1.508e-02 -3.426 3.352 3.118 2.003 -0.258 -2.407 -5.363 -6.310 -6.679
0.0152 0.01508 9.95424 1.0707454681 2.4866070747    0.774  3.100  3.5146  0.237    8  0.527  0.474    96.58    51.90    33.29    26.62    21.65  1 -1.35e-07      0.00 6.934e-01 2.916e-01 2.360e-03 1.178e-03 6.640e-03 -1.000 1.508e-02 -2.979 3.299 2.266 0.947 -0.824 -2.726 -4.836 -5.756 -6.074
0.0152 0.01508 9.95424 1.0707455873 2.4866070747    0.772  2.936  3.5389  0.497    8  0.527  0.474    55.70    32.46    21.27    16.89    13.72  1 -6.91e-08      0.00 6.934e-01 2.916e-01 2.360e-03 1.178e-03 6.640e-03 -1.000 1.509e-02 -2.571 3.213 1.519 0.003 -1.303 -2.803 -4.346 -5.237 -5.508
0.0152 0.01508 9.95424 1.0707457066 2.4866070747    0.769  2.962  3.5350  0.454    8  0.527  0.474    60.96    35.04    22.88    18.19    14.78  1 -7.78e-08      0.00 6.934e-01 2.916e-01 2.360e-03 1.178e-03 6.640e-03 -1.000 1.509e-02 -2.635 3.231 1.619 0.128 -1.240 -2.812 -4.423 -5.319 -5.598
0.0152 0.01508 9.95424 1.0707459450 2.4866070747    0.765  3.086  3.5162  0.252    8  0.527  0.474    93.38    50.36    32.34    25.86    21.03  1 -1.32e-07      0.00 6.934e-01 2.916e-01 2.360e-03 1.178e-03 6.640e-03 -1.000 1.509e-02 -2.945 3.302 2.212 0.873 -0.860 -2.738 -4.797 -5.715 -6.030
0.0152 0.01508 9.95424 1.0707461834 2.4866070747    0.760  3.240  3.4929  0.002    8  0.527  0.474   151.11    79.07    49.75    40.06    32.60  1  -2.5e-07      0.00 6.934e-01 2.916e-01 2.360e-03 1.178e-03 6.640e-03 -1.000 1.508e-02 -3.331 3.365 3.015 1.890 -0.313 -2.438 -5.254 -6.197 -6.558
0.0152 0.01508 9.95424 1.0707465410 2.4866070747    0.755  3.366  3.4737 -0.203    8  0.527  0.474   206.89   114.38    70.77    57.31    46.69  0 -4.18e-07      0.01 6.934e-01 2.916e-01 2.360e-03 1.178e-03 6.640e-03 -1.000 1.509e-02 -3.645 3.383 3.373 2.178 -0.154 -2.337 -5.622 -6.580 -6.972
0.0152 0.01508 9.95424 1.0707468987 2.4866073132    0.748  3.444  3.4615 -0.334    8  0.528  0.474   229.81    -1.00    -1.00    -1.00    -1.00  0 -5.81e-07      0.01 6.934e-01 2.916e-01 2.360e-03 1.178e-03 6.640e-03 -1.000 1.508e-02 -3.841 3.383 3.516 2.259 -0.120 -2.339 -5.850 -6.813 -7.224
0.0152 0.01508 9.95424 1.0707473755 2.4866073132    0.741  3.483  3.4553 -0.402    8  0.528  0.474   225.92    -1.00    -1.00    -1.00    -1.00  0 -6.94e-07      0.02 6.934e-01 2.916e-01 2.360e-03 1.178e-03 6.640e-03 -1.000 1.508e-02 -3.938 3.409 3.596 2.317 -0.100 -2.348 -5.960 -6.926 -7.346
0.0152 0.01508 9.95424 1.0707478523 2.4866073132    0.734  3.499  3.4528 -0.432    8  0.529  0.474   221.64    -1.00    -1.00    -1.00    -1.00  0  -7.6e-07      0.02 6.934e-01 2.916e-01 2.360e-03 1.178e-03 6.640e-03 -1.000 1.509e-02 -3.976 3.420 3.628 2.343 -0.091 -2.352 -6.004 -6.970 -7.394
0.0152 0.01508 9.95424 1.0707483292 2.4866075516    0.725  3.505  3.4519 -0.447    8  0.529  0.474   216.99    -1.00    -1.00    -1.00    -1.00  0 -8.08e-07      0.02 6.934e-01 2.916e-01 2.360e-03 1.178e-03 6.640e-03 -1.000 1.508e-02 -3.992 3.431 3.646 2.357 -0.086 -2.352 -6.021 -6.988 -7.414
0.0152 0.01508 9.95424 1.0707483292 2.4866075516    0.725  3.306  3.4825 -0.126    8  0.529  0.474   181.06    98.47    61.28    49.59    40.37  1 -3.77e-07      0.01 6.934e-01 2.916e-01 2.360e-03 1.178e-03 6.640e-03 -1.000 1.508e-02 -3.496 3.405 3.264 2.113 -0.185 -2.348 -5.449 -6.401 -6.781
0.0152 0.01508 9.95424 1.0707484484 2.4866075516    0.723  3.129  3.5099  0.160    8  0.529  0.474   112.74    58.69    37.38    30.02    24.41  1 -1.88e-07      0.00 6.934e-01 2.916e-01 2.360e-03 1.178e-03 6.640e-03 -1.000 1.508e-02 -3.053 3.350 2.479 1.207 -0.684 -2.657 -4.924 -5.848 -6.179
0.0152 0.01508 9.95424 1.0707485676 2.4866075516    0.720  2.966  3.5353  0.423    8  0.529  0.474    64.33    36.45    23.72    18.92    15.37  1 -9.74e-08      0.00 6.934e-01 2.916e-01 2.360e-03 1.178e-03 6.640e-03 -1.000 1.508e-02 -2.645 3.243 1.609 0.106 -1.260 -2.828 -4.433 -5.327 -5.606
0.0152 0.01508 9.95424 1.0707486868 2.4866075516    0.716  2.992  3.5316  0.380    8  0.529  0.474    70.42    39.34    25.50    20.37    16.54  1  -1.1e-07      0.00 6.934e-01 2.916e-01 2.360e-03 1.178e-03 6.640e-03 -1.000 1.508e-02 -2.709 3.259 1.702 0.223 -1.203 -2.839 -4.509 -5.409 -5.695
0.0152 0.01508 9.95424 1.0707489252 2.4866075516    0.711  3.114  3.5128  0.179    8  0.530  0.474   107.94    56.45    36.00    28.92    23.51  1 -1.86e-07      0.00 6.934e-01 2.916e-01 2.360e-03 1.178e-03 6.640e-03 -1.000 1.508e-02 -3.015 3.340 2.363 1.055 -0.770 -2.703 -4.878 -5.798 -6.123
0.0152 0.01508 9.95424 1.0707492828 2.4866075516    0.705  3.266  3.4893 -0.071    8  0.530  0.474   164.51    88.42    55.26    44.69    36.37  1 -3.51e-07      0.00 6.934e-01 2.916e-01 2.360e-03 1.178e-03 6.640e-03 -1.000 1.508e-02 -3.395 3.408 3.148 2.027 -0.239 -2.390 -5.328 -6.274 -6.644
0.0152 0.01508 9.95424 1.0707495213 2.4866077900    0.698  3.390  3.4703 -0.275    8  0.530  0.474   202.37    -1.00    -1.00    -1.00    -1.00  0 -5.88e-07      0.01 6.934e-01 2.916e-01 2.360e-03 1.178e-03 6.640e-03 -1.000 1.508e-02 -3.704 3.440 3.466 2.237 -0.121 -2.318 -5.688 -6.649 -7.051
0.0152 0.01508 9.95424 1.0707499981 2.4866077900    0.689  3.467  3.4586 -0.405    8  0.530  0.474   198.04    -1.00    -1.00    -1.00    -1.00  0 -8.24e-07      0.02 6.934e-01 2.916e-01 2.360e-03 1.178e-03 6.640e-03 -1.000 1.508e-02 -3.898 3.469 3.613 2.319 -0.092 -2.331 -5.909 -6.876 -7.298
0.0152 0.01508 9.95424 1.0707503557 2.4866077900    0.680  3.506  3.4533 -0.470    8  0.531  0.474   193.24    -1.00    -1.00    -1.00    -1.00  0 -9.98e-07      0.03 6.934e-01 2.916e-01 2.360e-03 1.178e-03 6.640e-03 -1.000 1.508e-02 -3.994 3.509 3.688 2.374 -0.078 -2.346 -6.012 -6.982 -7.415
0.0152 0.01508 9.95424 1.0707508326 2.4866080284    0.670  3.521  3.4521 -0.497    8  0.531  0.474   188.00    -1.00    -1.00    -1.00    -1.00  0 -1.12e-06      0.04 6.934e-01 2.916e-01 2.360e-03 1.178e-03 6.640e-03 -1.000 1.508e-02 -4.033 3.535 3.714 2.389 -0.080 -2.357 -6.050 -7.022 -7.459
0.0152 0.01508 9.95424 1.0707514286 2.4866080284    0.659  3.528  3.4527 -0.508    8  0.532  0.474   182.36    -1.00    -1.00    -1.00    -1.00  0 -1.22e-06      0.04 6.934e-01 2.916e-01 2.360e-03 1.178e-03 6.640e-03 -1.000 1.508e-02 -4.050 3.553 3.715 2.378 -0.095 -2.372 -6.062 -7.036 -7.476
0.0152 0.01508 9.95424 1.0707550049 2.4866087437    0.534 -9.999  4.0000  1.827    9  0.535  0.000     0.00     0.00     0.00     0.00     0.00 -1    -1e-30      0.00 6.934e-01 2.916e-01 2.360e-03 1.178e-03 6.640e-03 -1.000 1.508e-02 29.767 29.720 29.983 30.032 30.020 30.018 30.066 30.065 30.082
#isochrone terminated
